1
1
2
4
4
6
6
7
7
8
9
10
10
10
13
14
17
20
20
21
21
22
24
27
27
28
30
30
30
31
31
32
33
34
37
38
39
40
40
41
42
45
49
51
52
53
53
54
55
56
59
59
60
63
64
67
68
73
74
75
75
76
77
80
80
81
83
83
85
85
86
88
90
92
97
102
104
105
106
108
108
109
110
110
111
111
113
113
113
114
117
117
118
120
123
124
127
128
129
133
134
135
139
140
143
144
148
151
152
152
155
156
157
157
162
162
163
164
164
166
167
167
173
175
180
180
181
184
185
186
190
193
196
196
197
198
198
199
202
205
205
206
207
208
208
209
209
212
213
213
214
216
220
221
221
221
224
226
226
226
229
230
230
231
231
233
233
234
234
235
236
236
236
237
237
238
239
239
241
241
242
243
245
246
246
249
252
252
252
256
256
257
263
263
264
265
265
266
269
270
270
273
275
276
276
277
280
280
281
283
283
284
284
285
288
288
289
290
290
292
294
295
296
296
298
298
301
302
303
305
305
305
311
314
314
316
319
319
320
323
325
326
326
327
327
328
329
331
332
332
334
334
335
339
339
344
346
346
346
349
350
350
354
355
358
358
359
359
361
362
365
365
367
367
369
371
372
372
373
375
376
376
376
378
378
386
388
389
392
392
392
396
397
397
399
402
402
402
406
407
407
407
408
410
411
411
414
416
419
419
420
422
422
424
424
426
426
428
428
429
430
434
435
436
438
438
440
440
440
440
443
444
444
445
445
447
447
448
449
450
451
453
454
455
455
456
456
458
463
465
466
466
468
468
469
472
474
475
477
479
482
482
483
485
487
490
491
495
496
500
501
501
501
505
508
508
509
510
511
511
512
513
513
515
516
516
518
518
518
518
519
519
525
525
526
526
528
531
533
533
534
534
534
535
538
539
540
542
543
544
546
547
547
548
550
551
552
554
554
554
555
556
557
557
558
560
560
561
562
562
565
565
566
567
570
571
572
573
573
576
577
578
579
580
580
581
581
581
582
583
585
585
586
587
587
589
590
590
592
592
593
594
594
594
595
595
597
598
601
602
602
603
603
605
607
607
607
608
611
612
613
616
617
618
618
620
621
621
622
622
624
629
630
631
632
634
634
634
638
639
640
640
640
641
643
643
644
644
644
646
647
652
652
653
653
653
655
657
657
660
661
661
667
668
671
674
676
676
676
677
677
678
679
679
683
683
683
689
690
691
691
691
694
695
695
696
696
697
698
698
699
701
703
705
705
705
705
708
709
709
710
712
712
712
713
714
716
719
721
721
721
723
723
723
723
724
724
728
729
729
730
732
733
733
733
735
735
735
735
737
737
738
738
739
740
741
742
744
746
747
749
750
752
753
755
757
757
759
759
762
763
765
770
770
772
773
774
775
776
777
777
778
778
781
783
784
786
788
788
789
790
791
793
793
796
796
799
803
805
805
806
807
807
810
812
812
812
816
816
818
819
819
822
825
825
828
831
832
833
833
835
835
835
836
837
837
838
840
840
840
841
842
842
843
843
844
844
847
847
849
849
849
851
852
853
857
859
860
861
865
871
874
876
883
887
889
889
891
896
896
897
898
899
902
903
903
907
908
909
909
909
914
915
916
916
919
920
920
920
922
923
925
927
927
930
934
936
939
939
941
942
944
945
945
947
948
952
952
953
954
955
957
959
960
960
961
961
961
964
964
965
969
969
969
970
971
974
977
979
980
982
984
987
988
988
988
989
990
991
992
994
994
995
996
998
1000
1002
1003
1007
1009
1009
1009
1009
1009
1010
1010
1012
1012
1013
1014
1016
1020
1020
1021
1023
1025
1026
1027
1027
1027
1030
1030
1033
1034
1038
1039
1040
1040
1041
1043
1045
1047
1047
1049
1052
1053
1053
1053
1055
1055
1057
1058
1063
1063
1063
1063
1065
1065
1065
1067
1068
1069
1070
1072
1072
1072
1076
1077
1077
1078
1081
1082
1082
1084
1084
1086
1086
1087
1088
1091
1092
1092
1094
1096
1097
1098
1099
1100
1102
1102
1103
1104
1106
1106
1108
1111
1113
1113
1113
1114
1114
1115
1116
1117
1118
1118
1119
1125
1125
1127
1127
1128
1129
1131
1135
1137
1138
1138
1139
1139
1140
1140
1141
1142
1146
1147
1147
1149
1151
1154
1154
1155
1156
1157
1159
1159
1159
1159
1159
1163
1163
1164
1165
1166
1167
1168
1168
1174
1174
1174
1174
1175
1177
1178
1179
1180
1180
1181
1183
1183
1184
1184
1184
1184
1185
1185
1186
1186
1186
1187
1187
1189
1189
1189
1191
1191
1192
1193
1194
1197
1198
1200
1205
1205
1207
1207
1208
1209
1210
1210
1212
1213
1215
1215
1218
1218
1219
1221
1221
1222
1223
1225
1228
1229
1230
1230
1232
1233
1234
1234
1235
1235
1236
1238
1239
1240
1241
1244
1245
1245
1246
1248
1250
1250
1255
1257
1259
1259
1261
1262
1262
1262
1263
1264
1266
1267
1268
1268
1268
1268
1268
1270
1273
1274
1277
1278
1279
1280
1280
1281
1284
1285
1286
1288
1288
1289
1291
1291
1292
1292
1294
1295
1297
1298
1298
1298
1299
1299
1300
1300
1301
1305
1307
1308
1308
1309
1309
1311
1312
1313
1314
1314
1315
1317
1319
1319
1322
1324
1325
1326
1327
1329
1330
1331
1332
1333
1334
1335
1337
1338
1338
1339
1341
1346
1348
1348
1349
1349
1352
1353
1356
1358
1361
1362
1363
1364
1366
1368
1368
1369
1370
1371
1373
1373
1375
1376
1376
1377
1377
1378
1379
1380
1382
1384
1385
1386
1387
1387
1388
1389
1390
1392
1393
1395
1397
1397
1398
1399
1400
1403
1404
1408
1408
1408
1409
1411
1412
1412
1413
1419
1422
1424
1427
1428
1430
1432
1433
1434
1437
1438
1439
1439
1442
1443
1444
1444
1445
1445
1446
1447
1447
1448
1449
1450
1451
1451
1451
1452
1452
1452
1452
1453
1455
1457
1458
1461
1462
1464
1464
1466
1467
1467
1469
1470
1471
1472
1472
1473
1476
1476
1476
1476
1478
1478
1479
1479
1481
1481
1481
1483
1485
1485
1486
1486
1486
1490
1490
1491
1491
1491
1491
1494
1494
1496
1496
1497
1498
1499
1499
1499
1502
1504
1505
1506
1508
1508
1510
1511
1512
1514
1514
1516
1520
1521
1523
1523
1525
1526
1528
1530
1530
1532
1536
1537
1538
1540
1540
1540
1542
1544
1544
1548
1551
1553
1553
1555
1555
1557
1559
1560
1560
1561
1561
1562
1563
1566
1567
1569
1570
1571
1572
1574
1574
1574
1574
1575
1576
1578
1578
1578
1578
1579
1582
1584
1585
1585
1590
1592
1593
1596
1598
1599
1603
1604
1604
1605
1609
1610
1610
1612
1612
1614
1616
1620
1620
1621
1621
1622
1622
1622
1623
1625
1626
1627
1632
1632
1632
1635
1636
1639
1639
1640
1640
1642
1642
1642
1644
1645
1646
1647
1648
1648
1649
1651
1651
1651
1651
1651
1651
1651
1652
1653
1658
1659
1660
1661
1668
1669
1671
1671
1673
1674
1675
1677
1677
1680
1681
1683
1683
1686
1687
1687
1690
1692
1692
1693
1694
1695
1696
1696
1698
1699
1699
1700
1701
1704
1704
1707
1708
1713
1714
1715
1717
1718
1719
1722
1722
1722
1723
1724
1725
1725
1726
1726
1728
1728
1729
1733
1735
1735
1736
1737
1738
1739
1744
1749
1749
1750
1752
1752
1753
1753
1755
1756
1757
1758
1759
1760
1761
1761
1765
1765
1768
1768
1770
1779
1781
1781
1784
1785
1785
1788
1788
1791
1793
1793
1793
1793
1795
1799
1803
1804
1804
1804
1806
1807
1808
1808
1809
1810
1812
1812
1813
1814
1815
1816
1824
1828
1828
1831
1831
1832
1833
1836
1838
1838
1844
1845
1848
1849
1849
1851
1852
1852
1854
1856
1857
1858
1858
1859
1859
1860
1863
1864
1864
1866
1866
1870
1871
1873
1876
1877
1878
1881
1881
1883
1885
1886
1887
1888
1888
1889
1891
1891
1893
1894
1895
1898
1899
1901
1902
1903
1903
1905
1906
1906
1908
1909
1910
1912
1914
1915
1916
1921
1923
1927
1928
1930
1930
1931
1931
1933
1933
1934
1935
1936
1936
1937
1941
1941
1942
1943
1945
1946
1947
1947
1950
1950
1953
1955
1955
1955
1956
1958
1961
1962
1962
1963
1963
1964
1968
1969
1969
1970
1972
1974
1974
1975
1976
1976
1977
1977
1977
1978
1979
1981
1981
1982
1983
1985
1987
1987
1989
1989
1989
1991
1991
1994
1994
1995
1996
1996
1997
1998
1999
2003
2004
2005
2005
2006
2007
2007
2008
2010
2014
2023
2023
2024
2024
2025
2025
2025
2028
2029
2030
2030
2031
2034
2034
2036
2038
2041
2043
2044
2045
2047
2048
2048
2051
2052
2054
2055
2057
2057
2057
2059
2061
2062
2063
2063
2064
2064
2065
2066
2066
2067
2068
2070
2072
2072
2072
2073
2074
2074
2075
2076
2076
2078
2078
2078
2079
2079
2080
2083
2084
2086
2088
2089
2094
2098
2099
2099
2100
2101
2102
2102
2104
2104
2105
2105
2107
2110
2111
2112
2114
2116
2119
2126
2126
2131
2133
2137
2137
2137
2138
2138
2141
2142
2143
2144
2145
2145
2149
2151
2151
2153
2155
2157
2158
2158
2160
2162
2162
2164
2166
2166
2167
2167
2170
2171
2172
2174
2174
2174
2177
2178
2178
2180
2180
2180
2183
2184
2186
2187
2188
2193
2196
2196
2199
2200
2201
2201
2203
2205
2206
2208
2208
2209
2211
2211
2212
2212
2213
2214
2215
2218
2219
2219
2219
2220
2221
2222
2223
2223
2223
2226
2229
2230
2230
2231
2232
2233
2234
2235
2235
2235
2237
2240
2247
2247
2248
2248
2248
2249
2250
2257
2257
2259
2260
2264
2265
2265
2266
2267
2272
2273
2274
2276
2279
2282
2284
2284
2290
2290
2290
2291
2293
2294
2294
2295
2295
2298
2298
2301
2303
2305
2305
2305
2307
2314
2316
2317
2317
2319
2322
2323
2323
2325
2326
2326
2327
2331
2331
2333
2334
2339
2339
2339
2340
2341
2341
2341
2342
2352
2353
2354
2355
2356
2361
2361
2363
2363
2364
2365
2365
2366
2369
2370
2370
2371
2372
2373
2375
2376
2376
2378
2378
2378
2379
2380
2380
2382
2383
2383
2384
2389
2390
2390
2390
2391
2391
2393
2394
2395
2395
2396
2398
2399
2400
2400
2401
2401
2403
2406
2409
2413
2418
2419
2419
2420
2421
2421
2421
2423
2423
2425
2426
2427
2427
2428
2429
2431
2431
2433
2434
2436
2436
2440
2441
2442
2444
2444
2445
2445
2446
2446
2448
2449
2450
2452
2454
2455
2455
2455
2456
2456
2459
2459
2460
2462
2463
2464
2466
2468
2468
2469
2470
2472
2476
2477
2478
2479
2479
2481
2482
2483
2483
2485
2485
2485
2486
2486
2488
2490
2491
2492
2493
2495
2496
2498
2498
2500
2501
2502
2503
2504
2506
2507
2507
2508
2509
2509
2510
2511
2512
2513
2513
2513
2514
2516
2516
2516
2517
2517
2518
2519
2520
2520
2521
2521
2522
2524
2524
2525
2526
2526
2528
2529
2529
2530
2530
2531
2531
2533
2533
2535
2536
2539
2540
2541
2542
2543
2544
2545
2547
2549
2549
2550
2555
2558
2559
2560
2561
2564
2566
2567
2573
2576
2577
2579
2580
2580
2582
2582
2583
2586
2587
2587
2588
2590
2591
2592
2593
2593
2594
2594
2594
2594
2594
2597
2599
2600
2602
2603
2609
2612
2614
2615
2616
2617
2617
2618
2619
2619
2619
2620
2621
2621
2623
2624
2624
2624
2624
2629
2629
2630
2630
2631
2633
2634
2634
2635
2635
2637
2638
2638
2643
2644
2644
2646
2649
2650
2651
2653
2655
2656
2658
2662
2662
2663
2663
2663
2666
2666
2670
2675
2676
2678
2678
2679
2681
2682
2686
2686
2686
2690
2691
2694
2698
2700
2700
2700
2700
2701
2702
2702
2702
2703
2704
2705
2707
2708
2710
2710
2711
2711
2712
2713
2715
2715
2716
2720
2721
2721
2722
2722
2724
2726
2730
2731
2732
2732
2733
2737
2737
2739
2741
2741
2741
2742
2743
2745
2745
2747
2747
2749
2750
2750
2752
2753
2753
2756
2757
2757
2760
2761
2764
2765
2767
2768
2768
2768
2769
2770
2771
2772
2772
2774
2776
2777
2781
2781
2782
2784
2784
2785
2787
2789
2789
2791
2793
2794
2794
2796
2796
2796
2797
2797
2801
2802
2803
2803
2805
2805
2806
2807
2807
2807
2808
2811
2811
2812
2814
2815
2815
2816
2816
2820
2821
2821
2825
2827
2827
2828
2829
2837
2837
2838
2840
2840
2840
2841
2842
2842
2843
2845
2848
2850
2851
2852
2855
2855
2860
2861
2864
2864
2865
2865
2867
2868
2868
2870
2872
2873
2875
2876
2879
2880
2883
2884
2885
2887
2888
2888
2889
2889
2889
2890
2890
2893
2896
2896
2898
2898
2900
2900
2901
2901
2901
2902
2903
2905
2910
2911
2912
2913
2913
2915
2915
2916
2916
2918
2920
2920
2921
2921
2922
2925
2927
2928
2929
2929
2931
2931
2931
2931
2931
2931
2932
2933
2933
2939
2940
2941
2945
2946
2948
2952
2953
2954
2955
2956
2957
2961
2962
2963
2964
2965
2965
2970
2971
2971
2972
2973
2973
2975
2975
2976
2976
2977
2978
2979
2981
2983
2985
2986
2987
2987
2988
2989
2990
2992
2993
2995
2996
2997
2997
3000
3000
3003
3003
3004
3004
3005
3005
3006
3010
3010
3011
3012
3012
3013
3014
3015
3015
3015
3015
3016
3020
3020
3022
3024
3024
3026
3029
3033
3033
3035
3035
3036
3041
3045
3046
3046
3046
3046
3049
3051
3051
3051
3051
3052
3054
3057
3057
3057
3058
3059
3062
3066
3066
3066
3067
3067
3067
3068
3069
3070
3070
3071
3072
3074
3078
3079
3079
3081
3083
3083
3085
3088
3088
3089
3089
3089
3093
3094
3094
3094
3096
3098
3100
3103
3103
3107
3110
3111
3112
3113
3115
3115
3116
3116
3120
3121
3121
3128
3128
3129
3130
3131
3131
3134
3135
3135
3136
3137
3138
3139
3140
3140
3141
3142
3143
3143
3143
3146
3146
3146
3148
3148
3152
3155
3155
3158
3159
3160
3160
3161
3162
3162
3165
3165
3166
3166
3172
3172
3174
3177
3179
3179
3182
3182
3182
3185
3187
3189
3190
3191
3192
3194
3196
3196
3198
3200
3200
3201
3203
3203
3204
3210
3211
3215
3217
3217
3218
3219
3220
3220
3221
3221
3224
3224
3225
3225
3226
3229
3230
3231
3233
3234
3234
3235
3236
3239
3240
3240
3241
3241
3243
3243
3246
3247
3249
3249
3250
3252
3255
3256
3256
3258
3259
3259
3260
3267
3267
3269
3269
3271
3271
3272
3272
3274
3275
3275
3276
3277
3277
3277
3278
3278
3281
3281
3281
3281
3282
3284
3284
3286
3288
3288
3289
3289
3290
3296
3298
3300
3304
3305
3305
3306
3307
3308
3308
3308
3310
3311
3311
3313
3314
3315
3316
3316
3317
3317
3317
3318
3320
3322
3323
3323
3324
3325
3325
3326
3328
3329
3330
3331
3332
3333
3334
3334
3335
3336
3338
3339
3339
3340
3340
3340
3340
3341
3342
3343
3343
3344
3347
3347
3347
3348
3348
3349
3349
3350
3350
3353
3355
3356
3356
3357
3358
3358
3358
3359
3361
3367
3367
3369
3369
3370
3371
3374
3375
3376
3378
3378
3378
3379
3379
3382
3382
3383
3383
3383
3386
3386
3386
3386
3387
3388
3389
3391
3394
3395
3395
3395
3397
3398
3404
3406
3407
3408
3408
3409
3410
3412
3414
3416
3418
3418
3418
3419
3419
3422
3422
3423
3427
3427
3428
3429
3431
3432
3434
3435
3435
3436
3437
3437
3437
3442
3443
3444
3447
3450
3452
3453
3454
3455
3455
3456
3457
3460
3461
3464
3466
3466
3466
3466
3467
3470
3471
3472
3475
3475
3477
3477
3477
3479
3479
3482
3484
3485
3486
3486
3488
3490
3492
3493
3496
3497
3501
3503
3507
3509
3510
3512
3514
3514
3518
3520
3522
3526
3527
3528
3529
3529
3530
3533
3533
3533
3533
3534
3536
3536
3537
3537
3538
3541
3541
3541
3542
3544
3546
3547
3548
3550
3551
3553
3555
3555
3557
3558
3564
3565
3567
3568
3569
3571
3571
3573
3574
3575
3575
3577
3578
3580
3583
3584
3584
3584
3584
3587
3587
3587
3589
3592
3592
3593
3594
3594
3594
3595
3600
3603
3604
3605
3608
3609
3612
3613
3613
3614
3614
3614
3618
3618
3619
3620
3620
3621
3621
3621
3622
3622
3622
3622
3623
3623
3625
3625
3625
3627
3628
3629
3631
3636
3637
3638
3638
3638
3638
3641
3642
3643
3644
3644
3646
3646
3646
3648
3648
3648
3649
3649
3649
3650
3651
3654
3655
3656
3658
3660
3661
3661
3664
3664
3666
3668
3669
3672
3672
3673
3673
3675
3677
3679
3679
3680
3682
3682
3682
3683
3684
3685
3685
3685
3685
3686
3686
3687
3687
3688
3689
3690
3691
3691
3694
3694
3696
3697
3697
3699
3699
3700
3701
3706
3707
3709
3709
3711
3714
3714
3715
3716
3719
3719
3720
3720
3722
3723
3723
3723
3723
3723
3723
3724
3724
3724
3724
3728
3729
3729
3729
3730
3730
3731
3732
3732
3734
3734
3734
3736
3739
3739
3739
3740
3740
3741
3741
3741
3742
3742
3744
3744
3747
3748
3751
3751
3752
3752
3752
3755
3756
3756
3757
3761
3762
3762
3763
3764
3764
3766
3767
3767
3771
3771
3772
3775
3775
3776
3777
3781
3781
3783
3784
3784
3785
3785
3787
3788
3790
3790
3792
3792
3792
3793
3795
3801
3802
3802
3803
3804
3804
3806
3808
3809
3809
3811
3813
3817
3817
3817
3818
3819
3819
3819
3823
3826
3830
3831
3832
3836
3839
3839
3843
3845
3846
3847
3847
3848
3850
3851
3851
3854
3855
3856
3856
3857
3858
3859
3860
3860
3865
3866
3867
3868
3870
3870
3870
3871
3872
3873
3874
3876
3879
3879
3883
3883
3883
3884
3884
3885
3885
3886
3887
3888
3888
3888
3890
3892
3893
3894
3894
3894
3894
3894
3896
3896
3897
3898
3899
3899
3904
3905
3906
3908
3909
3910
3910
3914
3917
3919
3919
3920
3920
3920
3922
3923
3924
3924
3926
3926
3926
3929
3934
3935
3936
3937
3938
3940
3941
3944
3945
3947
3947
3947
3952
3952
3955
3956
3956
3956
3957
3958
3959
3960
3961
3962
3964
3966
3967
3967
3967
3967
3969
3971
3974
3977
3978
3979
3981
3983
3983
3984
3984
3984
3985
3985
3987
3989
3995
3996
4000
4000
4001
4001
4002
4003
4004
4004
4004
4008
4010
4012
4015
4016
4016
4018
4020
4020
4021
4022
4023
4026
4026
4027
4027
4027
4029
4030
4031
4035
4036
4042
4045
4047
4049
4049
4050
4054
4055
4056
4057
4057
4058
4059
4061
4062
4062
4063
4064
4066
4067
4069
4069
4071
4071
4072
4072
4078
4081
4085
4090
4092
4093
4095
4097
4099
4100
4100
4103
4103
4103
4106
4106
4108
4110
4111
4112
4112
4112
4113
4114
4115
4118
4118
4119
4125
4126
4129
4130
4131
4133
4134
4135
4135
4137
4137
4139
4140
4142
4145
4146
4148
4148
4148
4149
4150
4151
4151
4156
4156
4157
4161
4161
4162
4164
4165
4168
4168
4169
4170
4171
4172
4172
4172
4172
4173
4174
4175
4175
4176
4177
4178
4178
4178
4179
4181
4185
4186
4188
4189
4189
4190
4191
4192
4195
4198
4200
4200
4203
4204
4204
4205
4205
4206
4207
4208
4210
4211
4212
4213
4215
4216
4216
4217
4217
4217
4218
4220
4222
4223
4225
4227
4227
4227
4228
4233
4234
4235
4236
4236
4237
4237
4243
4244
4244
4244
4246
4248
4249
4249
4249
4251
4253
4254
4254
4255
4256
4257
4259
4260
4260
4261
4262
4263
4264
4265
4266
4267
4268
4269
4269
4271
4272
4273
4274
4275
4275
4277
4277
4278
4278
4278
4279
4279
4280
4284
4284
4284
4285
4287
4288
4288
4290
4292
4292
4294
4294
4294
4295
4297
4297
4299
4300
4301
4301
4301
4302
4302
4303
4303
4304
4305
4306
4308
4310
4310
4313
4313
4315
4315
4315
4316
4318
4319
4320
4323
4323
4324
4327
4330
4331
4333
4334
4337
4339
4339
4344
4346
4346
4346
4349
4350
4351
4353
4354
4358
4360
4360
4360
4362
4362
4364
4364
4366
4367
4368
4369
4370
4371
4372
4372
4373
4374
4374
4376
4376
4377
4377
4378
4379
4381
4381
4385
4385
4389
4389
4391
4391
4392
4393
4393
4394
4394
4395
4396
4396
4397
4400
4401
4401
4401
4405
4409
4409
4410
4411
4411
4412
4412
4413
4416
4420
4420
4421
4423
4423
4426
4427
4427
4431
4431
4431
4436
4437
4440
4441
4442
4442
4442
4443
4446
4447
4447
4447
4447
4449
4450
4453
4453
4453
4454
4458
4458
4458
4461
4463
4464
4465
4465
4467
4468
4468
4468
4469
4472
4473
4475
4476
4476
4477
4477
4479
4482
4482
4483
4485
4485
4485
4486
4486
4487
4487
4489
4492
4492
4494
4494
4494
4495
4498
4498
4499
4500
4505
4506
4507
4508
4508
4509
4509
4511
4513
4515
4515
4517
4518
4525
4526
4526
4527
4528
4528
4528
4529
4530
4531
4533
4533
4535
4536
4536
4537
4537
4540
4541
4541
4543
4545
4546
4551
4552
4552
4555
4555
4558
4559
4559
4559
4561
4563
4565
4567
4567
4567
4568
4576
4576
4577
4580
4581
4582
4584
4584
4585
4585
4585
4586
4586
4587
4587
4591
4592
4592
4592
4593
4596
4597
4597
4598
4599
4602
4603
4604
4605
4609
4609
4609
4610
4612
4612
4613
4613
4613
4616
4617
4618
4620
4623
4624
4624
4625
4625
4626
4628
4629
4630
4631
4633
4634
4635
4636
4637
4640
4643
4643
4646
4646
4647
4647
4649
4650
4650
4650
4656
4657
4659
4661
4663
4664
4664
4672
4675
4676
4677
4678
4681
4682
4683
4685
4689
4691
4692
4692
4694
4695
4696
4696
4696
4698
4698
4702
4702
4702
4703
4704
4704
4705
4708
4708
4708
4709
4710
4711
4711
4712
4714
4716
4717
4718
4719
4719
4720
4720
4721
4721
4722
4726
4727
4727
4730
4731
4732
4732
4733
4734
4737
4738
4739
4740
4742
4743
4746
4749
4753
4753
4753
4754
4754
4757
4759
4760
4763
4765
4767
4767
4767
4767
4767
4772
4773
4774
4774
4776
4777
4777
4778
4780
4780
4781
4782
4783
4784
4786
4787
4787
4788
4789
4790
4793
4795
4796
4799
4800
4800
4802
4802
4803
4804
4807
4807
4807
4809
4811
4811
4811
4812
4812
4813
4813
4815
4815
4816
4816
4818
4821
4823
4824
4824
4824
4825
4825
4827
4834
4835
4836
4838
4839
4841
4841
4841
4842
4843
4845
4845
4846
4847
4847
4847
4849
4851
4852
4852
4852
4853
4855
4857
4857
4858
4859
4861
4861
4861
4861
4864
4865
4867
4868
4870
4873
4873
4874
4874
4878
4880
4883
4884
4885
4885
4888
4888
4894
4894
4895
4898
4902
4903
4903
4905
4906
4907
4910
4912
4914
4915
4919
4920
4921
4923
4923
4924
4926
4926
4927
4928
4929
4930
4931
4931
4932
4932
4933
4934
4934
4935
4935
4938
4938
4939
4941
4942
4947
4950
4952
4952
4953
4953
4955
4955
4956
4956
4957
4957
4957
4958
4958
4959
4960
4960
4961
4963
4963
4966
4966
4967
4968
4971
4972
4972
4974
4975
4976
4978
4979
4979
4980
4982
4986
4986
4987
4989
4992
4994
4997
4997
4997
4999
5000
5003
5004
5004
5005
5006
5007
5012
5013
5014
5014
5019
5021
5021
5022
5024
5024
5028
5029
5029
5030
5030
5031
5033
5034
5035
5035
5035
5036
5041
5044
5045
5046
5046
5046
5048
5049
5049
5049
5050
5052
5055
5059
5061
5063
5063
5063
5063
5066
5068
5072
5072
5074
5075
5075
5076
5077
5077
5079
5080
5083
5083
5086
5087
5089
5092
5093
5093
5096
5096
5098
5098
5099
5099
5099
5100
5102
5103
5106
5107
5108
5111
5113
5115
5116
5119
5126
5127
5127
5127
5128
5129
5130
5133
5134
5134
5134
5135
5136
5137
5137
5138
5138
5139
5140
5144
5144
5144
5144
5149
5149
5149
5150
5153
5153
5153
5155
5156
5156
5157
5157
5157
5157
5160
5164
5166
5167
5168
5169
5169
5171
5171
5172
5174
5174
5177
5177
5178
5179
5182
5182
5184
5184
5185
5185
5187
5188
5189
5191
5191
5194
5194
5197
5197
5201
5203
5204
5204
5205
5208
5208
5210
5212
5212
5214
5216
5216
5217
5220
5223
5224
5226
5229
5230
5230
5231
5233
5234
5239
5245
5245
5246
5247
5250
5251
5251
5253
5253
5253
5254
5254
5255
5255
5256
5258
5259
5260
5262
5263
5264
5264
5266
5266
5269
5270
5271
5271
5274
5275
5278
5278
5279
5281
5282
5283
5284
5285
5286
5288
5289
5292
5292
5294
5295
5296
5297
5298
5299
5301
5302
5303
5303
5303
5305
5305
5306
5307
5309
5309
5310
5310
5311
5313
5313
5314
5314
5315
5317
5318
5318
5318
5319
5321
5322
5323
5323
5323
5324
5325
5328
5328
5330
5330
5330
5332
5333
5334
5336
5337
5340
5340
5341
5342
5343
5344
5348
5350
5355
5355
5356
5356
5357
5357
5357
5358
5361
5365
5366
5366
5367
5367
5369
5371
5371
5372
5374
5375
5376
5376
5377
5377
5377
5377
5378
5380
5381
5382
5382
5384
5385
5386
5388
5389
5391
5391
5392
5394
5395
5398
5401
5402
5406
5406
5406
5407
5408
5410
5410
5410
5410
5413
5413
5414
5414
5414
5416
5418
5418
5419
5420
5420
5424
5432
5433
5434
5434
5434
5434
5435
5435
5436
5437
5437
5437
5438
5439
5439
5442
5443
5445
5449
5451
5454
5455
5455
5456
5459
5461
5461
5462
5462
5464
5465
5466
5466
5467
5468
5468
5469
5471
5471
5474
5475
5480
5480
5483
5484
5487
5487
5489
5489
5489
5492
5492
5493
5495
5495
5496
5497
5498
5498
5500
5501
5501
5504
5507
5507
5509
5509
5512
5513
5515
5517
5517
5518
5519
5520
5521
5523
5525
5525
5525
5527
5528
5529
5531
5531
5534
5536
5538
5539
5540
5544
5545
5547
5548
5548
5550
5550
5552
5552
5553
5553
5556
5556
5560
5560
5561
5562
5564
5564
5564
5565
5565
5566
5566
5571
5574
5576
5577
5578
5579
5579
5579
5581
5582
5582
5583
5583
5585
5588
5589
5589
5590
5590
5591
5592
5593
5594
5594
5595
5597
5598
5599
5600
5601
5601
5602
5602
5603
5603
5604
5606
5606
5609
5609
5609
5611
5612
5612
5613
5614
5614
5614
5615
5615
5618
5619
5623
5623
5624
5626
5627
5628
5631
5632
5632
5634
5635
5636
5636
5636
5637
5638
5639
5639
5639
5640
5641
5645
5647
5647
5650
5652
5652
5653
5654
5654
5654
5655
5655
5655
5656
5656
5658
5660
5661
5663
5663
5663
5663
5664
5666
5666
5667
5667
5668
5668
5670
5671
5672
5674
5678
5684
5688
5689
5689
5690
5691
5692
5693
5693
5696
5697
5699
5700
5700
5701
5702
5702
5702
5702
5702
5704
5707
5708
5709
5711
5712
5712
5715
5717
5719
5720
5722
5724
5724
5725
5725
5726
5726
5727
5727
5728
5728
5729
5731
5732
5732
5732
5732
5733
5734
5738
5739
5740
5740
5740
5741
5741
5741
5742
5743
5746
5747
5747
5749
5749
5752
5754
5754
5757
5758
5759
5759
5759
5759
5763
5763
5765
5766
5766
5767
5772
5772
5774
5774
5774
5774
5775
5776
5776
5776
5778
5781
5784
5786
5786
5786
5789
5789
5789
5789
5791
5791
5791
5795
5797
5799
5801
5801
5802
5802
5807
5807
5808
5809
5810
5810
5812
5814
5815
5816
5819
5819
5819
5820
5822
5825
5825
5827
5828
5830
5833
5833
5837
5837
5838
5838
5840
5841
5843
5843
5843
5844
5845
5845
5846
5846
5847
5848
5848
5848
5848
5849
5849
5850
5852
5852
5853
5856
5856
5858
5858
5859
5859
5861
5862
5862
5862
5863
5864
5865
5870
5870
5873
5875
5877
5880
5882
5883
5883
5887
5887
5888
5890
5890
5891
5891
5892
5892
5893
5894
5897
5897
5897
5898
5899
5901
5901
5903
5903
5906
5907
5909
5909
5911
5911
5911
5913
5914
5916
5916
5917
5918
5920
5920
5923
5923
5924
5925
5925
5926
5927
5928
5933
5934
5935
5935
5936
5937
5938
5939
5939
5941
5943
5943
5944
5947
5948
5948
5949
5949
5951
5951
5951
5952
5954
5956
5957
5957
5957
5958
5959
5962
5965
5966
5969
5970
5970
5970
5971
5971
5972
5973
5974
5976
5977
5978
5978
5979
5980
5982
5983
5984
5984
5985
5985
5985
5985
5985
5986
5988
5989
5995
5996
5996
5998
5999
5999
5999
6003
6003
6004
6008
6008
6008
6010
6010
6011
6012
6013
6013
6013
6013
6014
6017
6017
6021
6022
6023
6023
6024
6025
6025
6026
6027
6029
6030
6031
6032
6032
6034
6034
6037
6037
6038
6038
6038
6040
6041
6043
6046
6047
6047
6048
6049
6049
6051
6054
6054
6056
6058
6058
6058
6059
6060
6060
6060
6063
6065
6065
6066
6067
6069
6069
6070
6070
6072
6073
6075
6076
6077
6078
6082
6084
6084
6088
6088
6090
6090
6096
6101
6104
6105
6105
6108
6109
6109
6109
6110
6110
6112
6112
6116
6117
6118
6121
6121
6121
6121
6121
6121
6123
6124
6124
6126
6127
6127
6129
6130
6131
6132
6134
6134
6136
6137
6142
6144
6144
6149
6151
6151
6152
6152
6154
6155
6156
6157
6159
6162
6165
6165
6166
6168
6169
6170
6173
6175
6175
6175
6180
6182
6183
6185
6185
6189
6189
6191
6195
6197
6199
6200
6200
6201
6201
6203
6204
6209
6210
6210
6211
6213
6215
6216
6216
6218
6219
6227
6229
6230
6232
6234
6236
6237
6241
6243
6243
6243
6244
6244
6245
6245
6247
6248
6249
6249
6249
6252
6254
6256
6257
6257
6264
6264
6264
6266
6266
6268
6268
6272
6274
6274
6274
6279
6280
6282
6283
6284
6284
6290
6291
6291
6291
6291
6292
6292
6292
6292
6295
6295
6296
6297
6298
6299
6299
6302
6306
6308
6308
6308
6309
6309
6310
6312
6312
6315
6315
6316
6316
6321
6322
6324
6324
6326
6326
6328
6331
6333
6333
6334
6334
6335
6336
6336
6337
6341
6341
6342
6342
6344
6346
6348
6348
6348
6352
6353
6354
6354
6354
6363
6363
6363
6366
6366
6368
6368
6368
6369
6370
6371
6371
6372
6373
6374
6375
6378
6378
6379
6379
6379
6380
6384
6386
6388
6394
6395
6395
6397
6397
6399
6400
6400
6403
6404
6404
6405
6407
6408
6408
6408
6409
6415
6415
6416
6423
6424
6424
6424
6424
6425
6426
6431
6432
6433
6433
6434
6435
6437
6440
6441
6441
6445
6446
6446
6446
6446
6449
6451
6454
6458
6458
6458
6458
6459
6459
6463
6463
6463
6465
6466
6468
6468
6468
6470
6471
6473
6475
6476
6481
6481
6483
6487
6489
6489
6490
6491
6492
6493
6494
6498
6500
6502
6503
6506
6507
6508
6509
6510
6510
6512
6516
6516
6517
6519
6519
6526
6530
6531
6532
6534
6536
6536
6537
6540
6541
6544
6545
6546
6546
6548
6548
6550
6551
6551
6552
6553
6554
6555
6556
6559
6560
6561
6563
6564
6565
6566
6568
6568
6568
6576
6577
6577
6578
6579
6579
6581
6582
6583
6584
6584
6585
6585
6588
6591
6591
6591
6593
6594
6595
6597
6598
6600
6600
6601
6604
6607
6608
6609
6611
6614
6614
6616
6618
6621
6622
6622
6623
6623
6624
6624
6626
6626
6627
6630
6630
6630
6632
6633
6634
6636
6642
6643
6645
6646
6649
6650
6651
6651
6651
6652
6653
6654
6655
6659
6660
6660
6661
6661
6661
6662
6662
6663
6664
6665
6666
6666
6667
6667
6672
6672
6673
6674
6680
6680
6680
6681
6682
6683
6685
6685
6686
6686
6687
6687
6688
6689
6689
6689
6690
6691
6694
6695
6695
6695
6697
6697
6698
6698
6699
6699
6700
6700
6701
6702
6704
6705
6706
6708
6711
6715
6716
6720
6726
6727
6728
6728
6729
6731
6731
6732
6734
6734
6734
6735
6736
6739
6739
6742
6743
6748
6750
6751
6753
6754
6755
6756
6756
6759
6760
6762
6766
6768
6769
6769
6770
6773
6773
6774
6776
6776
6778
6779
6781
6783
6784
6787
6787
6788
6788
6790
6791
6792
6792
6793
6803
6803
6803
6807
6808
6809
6809
6811
6813
6814
6815
6816
6817
6819
6821
6824
6829
6830
6830
6832
6834
6834
6835
6837
6837
6840
6843
6843
6844
6844
6845
6846
6847
6849
6849
6850
6850
6854
6854
6854
6856
6858
6858
6860
6863
6864
6865
6866
6870
6870
6871
6871
6871
6874
6877
6877
6878
6878
6880
6883
6883
6884
6885
6886
6886
6887
6887
6889
6892
6892
6892
6893
6896
6897
6902
6902
6902
6905
6909
6911
6912
6914
6914
6914
6915
6917
6917
6918
6918
6919
6921
6923
6923
6925
6925
6925
6925
6926
6926
6926
6927
6927
6927
6928
6929
6931
6932
6932
6933
6935
6936
6937
6937
6941
6942
6944
6944
6945
6950
6950
6953
6954
6954
6955
6959
6960
6960
6961
6961
6962
6964
6966
6967
6967
6970
6971
6971
6973
6974
6975
6977
6979
6979
6980
6986
6989
6989
6989
6994
6995
6997
6997
6998
7000
7003
7007
7010
7011
7012
7013
7013
7013
7014
7015
7015
7019
7021
7022
7022
7023
7023
7024
7025
7025
7026
7028
7029
7030
7030
7033
7034
7035
7037
7038
7041
7042
7042
7042
7045
7046
7047
7047
7048
7049
7057
7057
7057
7058
7058
7062
7063
7064
7064
7065
7067
7068
7069
7070
7071
7071
7072
7072
7074
7075
7075
7077
7080
7080
7082
7082
7083
7083
7084
7086
7087
7087
7092
7093
7094
7095
7097
7097
7098
7098
7099
7099
7101
7103
7103
7103
7103
7107
7110
7112
7114
7115
7115
7116
7116
7116
7117
7120
7121
7121
7125
7126
7126
7127
7130
7131
7131
7133
7135
7135
7136
7136
7137
7137
7137
7137
7139
7139
7140
7142
7143
7145
7145
7145
7145
7146
7146
7147
7148
7148
7149
7149
7157
7157
7159
7161
7163
7164
7166
7166
7167
7168
7169
7169
7169
7171
7172
7175
7175
7177
7179
7180
7180
7180
7184
7185
7188
7188
7188
7189
7190
7190
7190
7191
7191
7192
7192
7193
7194
7195
7196
7199
7201
7204
7205
7206
7206
7208
7209
7209
7209
7210
7214
7214
7215
7219
7220
7220
7222
7222
7223
7225
7230
7233
7234
7235
7236
7236
7236
7236
7237
7239
7243
7245
7245
7245
7248
7248
7249
7249
7251
7252
7254
7256
7258
7259
7259
7260
7263
7263
7263
7264
7265
7265
7265
7266
7269
7269
7270
7270
7272
7273
7273
7274
7274
7275
7276
7278
7279
7280
7281
7282
7283
7284
7284
7285
7285
7288
7290
7291
7293
7293
7294
7294
7296
7297
7297
7301
7303
7303
7305
7305
7306
7308
7310
7310
7310
7316
7323
7323
7324
7324
7326
7330
7332
7335
7339
7340
7340
7348
7349
7349
7351
7352
7353
7355
7355
7356
7360
7360
7360
7360
7362
7362
7364
7366
7366
7367
7367
7367
7368
7371
7374
7375
7375
7375
7376
7378
7379
7380
7380
7382
7382
7386
7386
7387
7389
7390
7390
7391
7392
7393
7396
7396
7396
7397
7397
7398
7399
7399
7400
7401
7402
7404
7405
7411
7411
7412
7413
7414
7414
7416
7416
7435
7435
7436
7438
7439
7441
7442
7445
7447
7448
7450
7455
7456
7458
7458
7463
7464
7465
7467
7469
7470
7471
7471
7472
7472
7473
7473
7474
7476
7477
7478
7478
7479
7479
7479
7480
7482
7482
7483
7486
7486
7487
7487
7487
7487
7488
7489
7489
7491
7492
7493
7493
7494
7495
7495
7496
7497
7497
7500
7501
7508
7511
7512
7518
7523
7524
7525
7525
7527
7527
7527
7533
7535
7536
7536
7537
7537
7538
7538
7540
7540
7540
7542
7542
7543
7544
7544
7547
7549
7549
7550
7552
7553
7553
7555
7555
7556
7556
7556
7557
7557
7558
7559
7560
7560
7561
7562
7562
7564
7566
7570
7571
7572
7573
7573
7574
7574
7574
7575
7576
7577
7579
7580
7584
7584
7585
7585
7587
7589
7589
7589
7590
7594
7594
7595
7596
7597
7598
7603
7604
7605
7605
7605
7606
7606
7607
7609
7610
7613
7613
7613
7614
7615
7616
7617
7618
7618
7623
7624
7624
7626
7627
7628
7628
7632
7632
7632
7633
7634
7638
7639
7640
7641
7642
7649
7649
7654
7655
7655
7655
7657
7657
7657
7658
7659
7661
7663
7665
7665
7667
7667
7667
7668
7668
7670
7671
7672
7673
7673
7674
7674
7674
7677
7679
7680
7682
7687
7690
7691
7691
7692
7693
7694
7697
7700
7702
7702
7704
7705
7709
7709
7711
7711
7711
7712
7712
7713
7714
7720
7722
7723
7723
7724
7724
7726
7727
7728
7729
7730
7733
7733
7735
7736
7738
7738
7740
7741
7742
7746
7749
7750
7751
7752
7756
7757
7757
7758
7759
7760
7762
7763
7763
7763
7766
7767
7768
7768
7768
7769
7769
7771
7772
7773
7775
7775
7777
7778
7778
7780
7780
7782
7782
7783
7784
7786
7787
7788
7788
7788
7788
7790
7790
7791
7791
7794
7796
7797
7799
7800
7801
7802
7802
7802
7802
7802
7802
7804
7804
7805
7807
7808
7809
7809
7812
7812
7815
7815
7818
7819
7820
7822
7822
7823
7823
7831
7833
7834
7834
7836
7839
7841
7843
7845
7846
7846
7847
7849
7850
7851
7851
7852
7855
7855
7855
7856
7858
7859
7859
7860
7863
7866
7867
7867
7868
7869
7869
7869
7869
7869
7870
7870
7871
7871
7871
7872
7873
7875
7876
7877
7878
7879
7880
7880
7883
7883
7885
7886
7887
7887
7889
7890
7891
7891
7892
7893
7894
7897
7897
7897
7900
7900
7902
7903
7903
7904
7905
7906
7907
7909
7909
7909
7911
7913
7914
7918
7919
7919
7921
7923
7923
7924
7926
7926
7930
7936
7939
7941
7941
7942
7942
7943
7945
7946
7947
7947
7949
7949
7950
7951
7953
7955
7958
7958
7958
7960
7962
7963
7965
7965
7967
7967
7968
7968
7968
7970
7971
7971
7971
7974
7974
7975
7977
7977
7978
7978
7979
7979
7979
7981
7984
7985
7986
7990
7991
7991
7992
7995
7995
7995
7998
8000
8002
8003
8007
8008
8009
8011
8012
8014
8014
8015
8016
8016
8016
8017
8020
8026
8028
8029
8030
8030
8032
8035
8036
8036
8037
8038
8038
8038
8039
8041
8045
8046
8046
8048
8050
8053
8053
8054
8054
8055
8058
8059
8059
8060
8061
8065
8067
8069
8071
8072
8074
8074
8075
8075
8079
8079
8079
8081
8082
8084
8086
8086
8087
8088
8088
8090
8092
8093
8097
8098
8098
8098
8098
8101
8101
8102
8103
8104
8104
8105
8106
8110
8110
8114
8114
8115
8116
8116
8117
8119
8122
8122
8123
8123
8125
8126
8127
8129
8131
8132
8133
8133
8135
8135
8135
8136
8136
8137
8137
8137
8140
8142
8145
8146
8146
8147
8148
8149
8151
8151
8151
8153
8155
8156
8157
8157
8159
8161
8164
8164
8165
8167
8168
8170
8171
8171
8172
8174
8175
8177
8180
8184
8187
8187
8188
8189
8189
8190
8190
8192
8193
8196
8198
8199
8199
8201
8205
8205
8206
8206
8208
8209
8214
8216
8217
8219
8223
8226
8226
8228
8228
8229
8230
8231
8233
8234
8235
8235
8236
8238
8240
8240
8242
8242
8252
8254
8257
8260
8260
8260
8264
8267
8268
8270
8270
8270
8273
8274
8274
8276
8277
8279
8281
8282
8285
8287
8288
8288
8292
8292
8293
8293
8297
8297
8297
8301
8301
8304
8305
8305
8307
8307
8309
8309
8312
8313
8314
8314
8315
8320
8320
8321
8322
8323
8324
8324
8325
8325
8325
8325
8329
8330
8333
8334
8334
8336
8339
8341
8342
8342
8345
8345
8345
8346
8348
8350
8353
8353
8354
8355
8356
8358
8358
8358
8365
8365
8366
8367
8369
8369
8370
8371
8371
8371
8372
8375
8377
8379
8379
8379
8381
8381
8385
8390
8390
8392
8393
8394
8394
8394
8395
8396
8396
8399
8399
8400
8402
8402
8403
8404
8405
8408
8410
8410
8411
8413
8413
8414
8414
8417
8417
8417
8420
8422
8423
8424
8424
8425
8425
8427
8428
8429
8430
8432
8432
8435
8435
8436
8439
8441
8441
8442
8443
8443
8446
8450
8451
8455
8455
8455
8458
8459
8461
8461
8461
8462
8462
8463
8468
8468
8468
8469
8469
8471
8472
8475
8475
8475
8480
8481
8483
8483
8489
8492
8493
8493
8493
8497
8497
8498
8502
8503
8506
8508
8509
8509
8509
8510
8510
8512
8516
8516
8517
8523
8524
8525
8527
8527
8530
8531
8531
8533
8533
8533
8534
8535
8535
8535
8535
8536
8537
8538
8538
8538
8540
8540
8541
8541
8542
8545
8546
8546
8547
8548
8549
8551
8551
8554
8554
8554
8555
8556
8558
8559
8560
8560
8561
8563
8563
8565
8568
8569
8571
8571
8573
8574
8575
8577
8577
8578
8578
8580
8582
8583
8584
8586
8588
8588
8589
8589
8590
8590
8591
8592
8593
8593
8594
8594
8596
8598
8604
8606
8606
8606
8608
8609
8610
8611
8611
8612
8612
8614
8615
8617
8622
8623
8623
8625
8625
8626
8627
8628
8629
8631
8632
8633
8633
8634
8634
8636
8638
8640
8641
8641
8642
8643
8645
8648
8650
8653
8654
8654
8656
8657
8659
8659
8661
8662
8662
8666
8666
8666
8667
8672
8673
8675
8677
8678
8678
8678
8678
8683
8683
8684
8687
8688
8688
8689
8689
8690
8692
8693
8694
8695
8696
8697
8698
8699
8699
8702
8703
8703
8703
8705
8706
8707
8707
8712
8712
8713
8713
8716
8717
8718
8719
8719
8720
8720
8721
8722
8724
8724
8725
8725
8726
8729
8730
8731
8731
8733
8735
8735
8737
8737
8738
8739
8740
8740
8744
8745
8745
8746
8747
8749
8749
8750
8751
8752
8753
8754
8759
8759
8760
8760
8763
8763
8763
8764
8765
8766
8766
8767
8767
8768
8769
8769
8770
8772
8773
8774
8774
8775
8775
8776
8777
8778
8779
8780
8780
8780
8781
8781
8782
8782
8783
8784
8784
8788
8788
8790
8791
8791
8791
8792
8797
8798
8801
8801
8802
8805
8805
8806
8807
8807
8809
8810
8811
8813
8813
8814
8816
8816
8816
8816
8816
8822
8822
8825
8826
8828
8828
8832
8832
8833
8833
8835
8836
8836
8839
8840
8841
8841
8841
8843
8843
8845
8847
8850
8852
8854
8857
8857
8861
8863
8863
8863
8863
8865
8866
8868
8868
8869
8869
8870
8873
8874
8874
8877
8880
8881
8881
8883
8883
8885
8889
8891
8891
8892
8894
8895
8896
8897
8899
8899
8901
8902
8902
8904
8904
8905
8905
8905
8906
8906
8906
8907
8910
8910
8911
8913
8916
8916
8917
8918
8918
8921
8927
8930
8931
8931
8933
8934
8934
8934
8934
8936
8938
8939
8940
8944
8945
8946
8946
8949
8951
8954
8956
8956
8958
8959
8960
8961
8961
8962
8963
8964
8964
8966
8966
8966
8967
8967
8969
8973
8973
8976
8979
8979
8980
8981
8983
8987
8987
8988
8989
8990
8991
8993
8997
9001
9003
9004
9006
9006
9007
9007
9008
9008
9009
9011
9012
9015
9016
9020
9021
9022
9027
9027
9035
9035
9035
9038
9040
9040
9041
9043
9044
9047
9047
9048
9051
9051
9052
9052
9053
9053
9054
9054
9055
9059
9061
9061
9062
9064
9064
9065
9066
9069
9070
9071
9072
9072
9072
9072
9073
9073
9076
9076
9076
9084
9085
9087
9088
9088
9088
9090
9091
9095
9098
9099
9100
9100
9103
9104
9107
9112
9113
9114
9114
9116
9116
9118
9120
9121
9121
9121
9122
9122
9123
9123
9125
9126
9127
9129
9129
9130
9130
9136
9136
9136
9137
9138
9140
9140
9140
9141
9143
9144
9144
9145
9145
9146
9148
9153
9157
9158
9159
9160
9164
9164
9165
9165
9168
9169
9170
9172
9173
9173
9174
9177
9179
9179
9180
9181
9181
9181
9183
9184
9184
9184
9186
9188
9188
9190
9192
9193
9194
9199
9199
9200
9200
9206
9207
9207
9208
9209
9209
9210
9210
9211
9214
9215
9215
9217
9218
9218
9221
9222
9225
9226
9226
9226
9227
9233
9233
9235
9235
9235
9237
9239
9240
9240
9241
9242
9243
9245
9252
9253
9254
9255
9255
9256
9257
9258
9260
9262
9265
9267
9269
9270
9272
9273
9275
9276
9278
9280
9281
9281
9282
9287
9288
9288
9289
9290
9291
9291
9297
9299
9302
9304
9304
9304
9307
9307
9307
9307
9307
9308
9310
9312
9312
9313
9313
9315
9315
9315
9315
9316
9317
9317
9318
9318
9320
9323
9323
9327
9329
9330
9330
9331
9331
9332
9336
9337
9337
9337
9337
9337
9338
9339
9340
9342
9345
9345
9345
9347
9347
9348
9349
9349
9349
9349
9350
9352
9353
9355
9357
9358
9361
9363
9363
9366
9366
9366
9367
9368
9369
9373
9373
9373
9376
9379
9380
9381
9382
9383
9386
9386
9387
9389
9389
9391
9393
9394
9394
9398
9400
9401
9402
9409
9410
9411
9412
9413
9414
9414
9414
9416
9416
9417
9418
9421
9421
9424
9424
9426
9427
9431
9433
9434
9434
9434
9436
9437
9437
9439
9439
9440
9442
9443
9444
9445
9446
9446
9447
9449
9450
9451
9453
9454
9454
9457
9459
9460
9462
9463
9464
9464
9465
9465
9465
9465
9466
9469
9469
9469
9470
9476
9481
9482
9483
9485
9486
9486
9490
9490
9494
9497
9500
9501
9502
9502
9503
9505
9505
9506
9507
9509
9509
9509
9509
9512
9514
9514
9514
9515
9516
9516
9518
9519
9520
9521
9522
9525
9525
9527
9528
9528
9529
9530
9531
9531
9533
9534
9534
9537
9538
9540
9541
9546
9546
9546
9549
9550
9552
9552
9552
9552
9553
9554
9554
9556
9557
9557
9558
9559
9560
9560
9562
9565
9566
9566
9568
9568
9569
9573
9575
9576
9576
9579
9579
9580
9580
9581
9584
9587
9587
9588
9588
9588
9593
9594
9595
9595
9597
9598
9598
9598
9599
9600
9601
9602
9602
9604
9604
9606
9607
9608
9611
9611
9612
9612
9614
9615
9616
9621
9621
9623
9625
9625
9627
9628
9628
9631
9633
9636
9637
9639
9640
9641
9643
9643
9643
9644
9648
9650
9652
9653
9653
9654
9657
9657
9657
9657
9658
9659
9659
9659
9661
9662
9663
9664
9664
9666
9669
9670
9670
9670
9671
9674
9674
9676
9684
9685
9685
9687
9689
9689
9690
9692
9693
9694
9695
9696
9698
9698
9699
9700
9702
9702
9703
9706
9708
9708
9709
9709
9715
9717
9718
9720
9721
9722
9724
9725
9726
9729
9730
9730
9735
9736
9736
9736
9737
9739
9740
9741
9741
9741
9743
9743
9743
9744
9745
9747
9747
9747
9748
9749
9749
9751
9752
9753
9754
9757
9758
9760
9760
9761
9763
9763
9767
9770
9771
9772
9773
9774
9780
9780
9781
9781
9783
9783
9790
9790
9792
9792
9793
9793
9793
9793
9795
9796
9797
9798
9801
9803
9803
9805
9807
9809
9809
9812
9813
9813
9814
9814
9818
9818
9819
9823
9825
9826
9826
9828
9828
9833
9834
9836
9836
9837
9837
9837
9837
9838
9838
9839
9840
9841
9841
9842
9842
9845
9846
9848
9849
9849
9854
9855
9856
9856
9862
9862
9863
9863
9867
9868
9870
9870
9870
9872
9874
9875
9881
9883
9883
9885
9887
9888
9889
9889
9891
9893
9894
9895
9895
9896
9896
9897
9897
9898
9901
9901
9901
9902
9903
9903
9904
9905
9905
9905
9905
9906
9906
9907
9913
9914
9915
9916
9918
9918
9919
9920
9920
9922
9923
9928
9928
9929
9933
9935
9935
9937
9939
9939
9939
9940
9941
9942
9943
9945
9949
9952
9955
9957
9960
9963
9963
9964
9967
9969
9969
9969
9969
9970
9970
9972
9973
9974
9976
9979
9979
9979
9979
9980
9981
9981
9981
9982
9983
9983
9983
9985
9985
9987
9988
9989
9989
9990
9991
9995
9995
9997
9997
9997
9998
9999
9999
9999
10000
5119
4140
7978
7589
390
4138
8745
3557
3268
5952
3302
2142
9798
4205
4110
2764
8771
1133
201
228
7706
9319
175
3955
2829
896
7970
5248
3239
3743
5693
9833
7665
2715
663
763
4025
1
8855
8802
3444
3996
1152
9411
3981
8309
1150
6520
6725
1856
6049
8111
6830
9406
1238
8108
4931
5319
9885
4928
4528
6396
4654
565
4879
5124
5561
8197
1500
512
1098
6227
6384
8210
5293
4946
954
4837
5506
910
4594
2792
6914
1527
8029
8210
5478
875
2336
8932
9553
7840
9472
6830
8656
6571
9864
6957
4614
7864
3979
2091
2202
1118
8375
6633
4579
5760
3889
2000
7374
5495
4331
8615
88
607
8556
468
5706
5999
7891
1690
321
2193
7186
5286
9331
4035
1127
7027
3865
7349
616
9839
6003
5651
2749
7704
2065
3170
6643
5024
589
260
4131
4754
9509
8090
5679
622
8480
9844
3560
1057
5012
2495
2132
1325
9024
6215
8491
9464
5781
4867
1529
9566
9213
2951
8520
2272
1424
8231
5813
6550
9953
3178
7014
5569
177
9612
782
5755
4360
4465
5954
2601
8969
5704
3043
182
7270
2471
4902
4429
6879
4324
8149
3041
1918
8142
3726
5419
4248
7754
3233
5752
2974
257
5580
7109
964
6291
5209
874
9281
230
7904
5557
9939
9555
733
458
5021
4241
2296
3742
7471
3500
3512
2806
2467
4146
2756
1489
1223
3275
3053
5377
8812
8284
2894
4143
5303
7854
7664
876
2824
8038
4318
4293
9813
6529
8333
7745
7000
4844
4066
5532
2000
7111
5936
2847
7838
9117
2046
1182
8190
3121
9844
4872
3384
232
2439
4125
2380
3991
3438
5135
9272
4878
3722
1543
3417
6768
617
2160
5464
927
4524
7958
6104
6026
7676
4469
1100
6872
2382
3869
177
7045
3144
6070
4344
6475
9906
6368
271
4318
5843
19
1271
9479
2665
7114
5604
8477
391
574
5833
9814
5801
4169
6357
1362
6949
84
1864
2591
9916
230
5065
6613
5071
2847
959
2556
819
7827
8833
3315
7661
3727
6873
6942
2400
7743
488
9218
6952
3079
4796
7071
2080
4236
3030
1898
4500
2843
3398
5131
590
6674
75
5425
4261
559
1501
9590
4962
1819
5235
3950
4863
7979
6270
5971
8011
7558
4294
5642
1780
3925
4963
6688
8717
4117
2885
2243
2092
937
4918
3756
8382
6849
5459
6317
1026
5856
6650
3060
9808
9590
4426
9667
8659
6914
1726
148
1353
2006
748
3731
9591
8023
4256
6363
593
5747
3917
1570
6225
7127
2307
3862
4026
9404
4773
4532
9924
7201
1013
9291
986
5427
5726
5437
5475
2577
2622
3960
8858
2717
2809
8647
5770
9289
5029
9776
7515
3999
7024
620
1112
2832
7426
7284
8492
8068
8625
3973
7738
2278
8109
5340
4092
4737
4786
8047
7644
8429
9434
9467
6767
4823
493
3094
7851
2617
506
5991
1271
9355
1428
2142
1539
4255
9508
1437
4399
980
9178
4608
9760
2763
1462
5860
2154
5033
2634
2683
3047
3309
516
6184
6559
677
4108
6125
2530
3121
8261
8348
1536
4783
745
8410
4716
6926
6162
7556
6331
1751
1689
5185
4629
6495
437
8460
1308
4730
5235
7359
4274
6868
8216
7149
8436
18
2101
3005
2984
932
9648
8774
9068
448
9671
4376
2499
4711
1300
3516
6908
1049
9377
2132
13
3433
9651
4817
2603
8
5122
8755
8327
9924
1056
3456
1146
6405
9867
2495
4104
9902
6355
4985
37
3393
6753
7094
4265
4835
9489
963
4008
1543
1430
6887
3271
3929
3942
5450
6390
5712
3383
2643
1219
3171
8940
625
5708
8089
8033
6266
5811
8088
1318
7320
2581
6880
6137
7959
155
7175
6491
2069
8394
4880
1365
4964
4502
4222
5867
9737
1910
654
8679
2427
6220
8265
2545
8161
2662
3745
425
2268
1468
349
574
9718
6710
7452
4197
5254
5154
6248
7802
1575
7562
8642
1091
4586
7330
3400
8096
8231
6112
9935
2899
4359
8301
6095
9706
5063
9573
7178
5093
9935
1328
7333
5635
9069
1996
7978
6
1436
7398
1261
2807
9155
205
2833
9213
7619
4898
8508
1233
7134
3154
2431
9248
1176
2000
6032
9298
7613
482
6154
144
8801
887
9303
148
9061
3662
5213
4758
291
6900
1726
5907
1153
4655
3240
7234
4029
2520
9396
7170
3296
3729
6889
1899
8063
7701
9720
5989
2436
5984
3814
9818
8724
5851
5538
2556
7720
9520
7794
2348
641
8023
8421
9398
2125
587
8089
471
5807
3579
1767
9069
3521
2799
4266
2182
4511
7769
9312
7601
4148
324
4617
2785
338
541
5546
7110
3990
2553
8137
9001
1166
7309
4179
7972
6491
732
2480
7109
1338
9566
8672
6819
6969
9020
1374
5953
2545
3892
6487
2137
1289
9638
786
5988
2250
5257
7055
6352
5381
4097
2081
1510
2366
9160
8169
6958
9665
1297
3966
1244
583
3546
7601
8801
6700
8397
8480
1146
4137
1556
2727
7809
7607
6161
2102
4411
24
6460
1542
2031
8224
5750
7487
4667
9683
8912
5727
484
8733
8379
9564
2218
2023
1624
6717
5620
1844
4184
8476
8283
3734
479
8815
5891
3203
5484
3080
5731
8720
6068
231
2503
1335
4028
4610
1013
2735
8204
3987
3185
3647
1107
4468
7519
6118
5891
2130
7421
3439
8047
763
1186
8719
4947
2718
3942
1951
891
5222
2092
9036
9147
7489
2158
6112
6057
9654
9220
2271
2776
9606
4910
6368
5266
300
464
402
9463
5634
7862
7452
6501
1297
9616
5962
6915
7906
4546
6686
185
1942
3220
5396
9943
5890
3854
4014
4717
8589
2399
1854
8192
606
6600
5368
2983
7312
5368
4242
3801
4939
6292
9395
8639
5940
3830
9615
2251
270
562
3325
2853
3648
4919
7751
7291
5522
8450
7718
9991
8141
8629
5306
1875
1020
8614
4127
6948
4358
6617
288
9910
5108
4723
9420
4947
9991
3292
7119
2463
1781
5504
4926
2600
9913
1553
7388
8734
660
3287
4918
1428
249
5698
7188
8705
6689
6607
7323
4489
3262
6037
8676
9236
9169
5367
9261
6109
1811
4466
9571
3596
1291
3301
8982
4185
6405
544
3397
8100
7076
3124
1904
5540
3843
798
3385
9068
9824
4314
9744
4544
2244
9359
6282
8865
4996
3113
2335
827
5331
6135
819
3465
4252
7625
4552
8012
3241
178
2632
8506
7887
6310
3978
8941
524
3330
8418
9306
903
9063
9988
7631
7814
4576
3828
5620
1268
265
3611
3609
7658
7622
2570
7000
1719
6752
1745
4430
2303
3296
4103
2822
2007
4852
5728
368
2860
2714
4083
5930
4110
6234
6244
8787
9766
6894
2660
123
9682
6195
2122
5064
9630
3512
1925
4294
7310
7970
6920
4338
6818
9356
4978
3871
2885
43
9353
9958
6197
4128
6117
7057
862
2794
3574
4411
3009
2336
7784
9467
1153
4071
7995
8011
1915
7319
8108
2001
2650
5949
3283
7490
7471
8054
3542
1353
762
9652
6638
4611
1498
9571
4259
4287
8676
7022
9280
8624
608
6566
4642
1226
5749
8094
4722
2698
1840
3146
1991
1091
8642
3588
6962
8589
6454
1386
519
5145
1489
4920
9112
1352
1681
5439
5778
7551
201
3592
7972
7491
1569
3521
7730
7588
6358
8098
3098
46
7036
7016
8751
7838
9708
6172
5450
3918
687
332
8321
6907
8121
4785
4788
3609
7479
4885
709
3777
3224
853
725
272
1290
6539
1396
8659
5230
9327
4986
7885
9365
242
5377
2137
8533
2053
2298
6399
8778
6117
5834
7894
3994
1856
3343
7595
6085
7656
8568
7995
4781
2777
9796
2619
9316
4703
955
8264
8925
9358
2800
5476
7688
2893
5883
3642
4610
3444
8215
224
7696
7142
5565
8916
7281
6512
8463
6612
3700
2796
4874
8038
5819
5731
3003
4227
4021
7463
9347
6001
7264
4302
4682
5177
7110
6215
9131
9400
3290
9959
4018
4321
6694
5390
6661
1459
8380
2390
107
7907
3746
6973
4172
6241
6224
4108
5384
8528
191
7931
5009
8536
3503
4116
2377
9900
5074
4656
1914
7692
7172
782
2228
8194
3974
9269
4147
6608
8655
1548
7388
4599
992
3506
809
3203
8101
4571
6454
7022
8740
2079
9687
5653
6173
5371
44
989
1289
1647
6763
4267
8621
5127
9894
413
1121
1916
2229
4460
7826
5332
5345
7011
3394
7156
5115
4260
2353
2682
4920
93
9009
1961
1200
1276
8174
8433
7720
3638
8519
1314
3118
4685
3660
1986
8900
3664
9779
7207
4916
5314
4468
5556
1547
1232
4213
5546
3114
7229
726
6504
1142
3199
8030
4902
8163
2809
7229
6152
4216
5267
4593
4848
4216
861
3088
6416
2811
1440
1825
4136
2955
8999
2025
6166
1397
7772
3188
6947
5966
9526
7501
636
1856
5026
4894
5120
4447
239
3491
4572
9210
29
3150
9155
2206
4323
4638
4925
2245
6106
6333
5727
8029
3559
9100
9460
3252
6901
4692
7961
8381
2905
7932
3369
7362
6095
9649
7785
5908
5008
6417
933
7007
7801
9919
2254
743
2307
5903
9744
7750
695
1038
4501
2653
2508
3632
8646
3045
5637
6639
7513
2576
5278
7927
4131
8421
3504
6129
1715
451
8294
2568
7510
3913
6278
2449
9454
2267
5833
823
5915
5357
7710
6001
4238
494
2772
9139
7775
1111
5976
5591
7010
4576
6160
7805
7163
7152
2688
3852
3204
1843
737
962
651
1295
4353
9939
1116
1537
937
9514
9313
1335
2661
368
8850
6146
6578
5534
4346
1968
2732
7347
9986
8777
1980
9632
2508
1428
9037
902
9549
6203
8752
9865
2272
4060
780
2586
3775
4260
7817
1717
5692
3190
2087
5977
5428
8126
2819
5984
7981
1238
1062
504
8696
6021
5887
364
22
7929
4744
8628
2945
4657
9239
9586
9017
6935
4056
5026
8808
6686
7719
9888
495
9166
3738
1501
7794
4000
1811
4482
8838
9254
6023
1556
6797
3990
8931
7501
2477
882
7285
6233
7373
8724
3097
4570
1316
3075
3832
1664
1427
9463
5439
2575
7869
1828
8212
2715
346
3795
8953
2031
1733
885
2195
7871
6150
7774
7614
4014
405
2958
4787
9175
5191
9323
1327
5852
4717
9662
5642
7902
7014
9166
9888
8838
8939
5767
3045
7926
7269
5359
6399
1743
4706
1582
8019
7274
4854
728
2336
6684
2036
1248
2204
8155
9290
2583
1670
4957
3525
2628
462
3699
8050
3475
8794
6510
625
7176
381
5842
3361
2078
5650
7148
9935
5813
9644
5120
6187
4107
5961
4523
2250
62
4655
7885
6521
4067
5474
9895
8947
3125
457
8169
993
4594
2143
467
7647
7544
6480
6440
6697
1487
8110
6871
8891
9499
3167
5291
6656
2179
3479
6009
6710
335
6521
6796
9352
4447
7232
2139
4903
2647
2446
4646
9811
4743
4826
6984
7508
4591
5742
8696
3820
4593
9338
5440
2516
4018
6876
7466
5779
536
4103
5592
3130
1585
2492
8741
8479
9408
2675
4615
9242
7262
6953
508
2824
2953
5173
8838
1890
9450
9991
8661
9002
285
6533
3326
7795
955
4023
2283
6030
9522
1213
9746
62
7999
5982
8550
4657
8626
8732
423
7206
2775
1024
7244
4595
4546
3542
8850
9716
7285
6071
9057
7248
6338
3720
7922
7251
791
6993
6509
1604
4342
2403
950
8415
635
2190
6050
8451
818
797
1585
7987
5037
4451
4812
2706
1847
1137
7131
3853
2835
8185
5084
5908
5193
1247
5169
2497
9479
2272
2602
2951
2054
6502
8049
4251
3137
6050
2716
618
630
6294
1798
2701
4160
6576
7933
4908
9812
5630
7766
9431
2071
4683
4584
9632
5376
6225
3994
5818
8134
1378
5924
3018
7343
9294
3205
5723
2554
557
1655
6529
5434
23
9842
7415
7461
969
3896
9327
2911
5
5419
6312
3795
620
2180
4123
3753
8869
199
201
8895
4747
4383
5352
4419
680
3243
4812
3148
6190
5778
7742
5477
2509
4335
7874
9033
3446
8584
597
7170
1135
6401
2801
5860
3115
2474
144
4423
7874
7743
1776
4485
9383
3394
5946
4061
9199
9803
9470
5419
9636
6633
4920
7096
2273
2301
7412
0
