7381
8419
3493
8167
2640
7349
1324
2943
4986
1294
6161
9763
1744
4284
9431
6837
6277
9583
2641
2114
1782
5023
9218
7150
9990
2704
6352
1214
2110
7141
3564
4514
7440
7372
4020
5284
9068
4619
7003
8115
6562
3063
1895
4618
4734
6427
3148
4869
7652
1030
986
1565
2800
5453
7630
9367
2218
3246
1246
8364
1469
3355
2300
4198
4641
2828
8277
9763
9072
1323
2255
1033
4736
3752
4752
4486
7320
2256
7970
2099
2939
715
8270
1816
6501
2481
779
3289
9142
3532
676
9717
1802
4838
5803
6670
4628
158
4444
6920
1728
6031
1125
1233
8313
122
6373
6677
5801
5120
2449
992
3495
999
5190
6313
9927
3105
5961
971
2627
3038
3052
5024
1487
948
1169
1030
7416
3791
2434
6772
5890
3052
9142
763
9907
2582
8880
55
9058
4004
4667
8226
8815
7784
8544
4035
6867
9812
9414
7458
6452
6482
3452
6996
8979
3041
2049
5749
6599
5194
9902
4954
6678
3811
8635
4323
1116
682
1192
8157
1661
1576
1195
1112
4950
3014
586
5897
205
9090
3620
4500
6171
5588
5734
8173
1428
7237
9486
7727
3410
6064
65
5546
278
5900
7854
345
6030
2813
7
3558
7337
759
7911
9002
5617
3376
6555
8155
20
4359
3832
6277
6407
4262
3671
5242
6458
8953
9028
5719
3695
1089
2181
3571
1501
112
2425
2273
38
6180
5341
8563
8488
3784
5209
9154
9093
611
7363
7958
4184
8546
5577
9533
8204
5353
793
7531
6992
8518
5636
5586
4944
9262
8326
1735
2834
4205
9365
2431
8264
4057
9782
2129
8092
7204
3926
2790
3792
2800
1243
51
1899
1358
2297
7486
1935
1643
736
1595
3040
6716
5760
1697
1272
8140
9792
7246
7535
701
2281
7612
9618
9855
2442
4427
9144
208
211
8683
8420
5001
9464
5748
6646
8473
3401
6228
7056
5036
3784
6651
6711
2162
4441
7120
1971
3560
2608
2457
53
201
8880
9337
111
3397
4589
9930
8748
3668
8306
8563
7747
1642
7603
3695
7406
5071
8280
5548
2988
4221
8700
5817
6813
6432
6367
6376
9411
8817
7078
262
4256
8661
2045
262
4151
1432
2064
9051
8226
1050
7579
3060
3291
2793
7110
4507
2540
8517
236
5028
3484
9869
785
9292
707
7594
717
3556
1131
5694
8594
7878
2782
8140
8709
6905
6785
8669
1091
866
1602
810
4188
745
870
2228
7379
7318
1063
872
9891
921
6280
5485
9379
7431
9287
6086
4754
3649
7583
6696
1819
9804
4919
2034
7839
612
2363
6257
9404
5972
3731
2206
3480
6599
5919
8942
5096
6118
8198
5169
8426
4981
5875
8138
3642
5781
6967
1450
5873
7598
1410
5013
912
7031
7780
1081
7591
7888
1380
5811
2493
8744
2641
6810
9647
434
9199
6333
45
9538
511
1697
9926
5099
7910
4522
6935
2366
5671
2193
2329
3007
7356
1631
5122
9710
5422
6292
2168
5236
2684
9770
8868
4168
572
9531
8730
4182
4782
5904
4953
2181
1538
2340
1342
5385
3716
2909
6642
7047
6697
7768
426
2094
3220
2946
5932
3036
1224
3273
78
4398
3610
9529
4901
2137
6227
6296
6370
8903
7570
5383
1435
3214
2729
6628
8508
4225
320
7087
5944
5499
7565
7064
2811
1353
8949
828
6376
8502
987
2832
2511
3634
3999
8032
359
423
3548
6921
7397
4776
4962
5284
3146
4632
5288
5331
5675
3756
4234
2286
6531
3803
8629
8014
9906
7442
2838
1721
9896
9995
7973
6938
1010
9538
5
8064
2368
5882
3972
6943
4031
4459
5124
3104
6498
5762
3499
6283
6624
7445
749
6212
1570
984
362
7258
3159
804
8128
5384
1595
6199
4883
4966
99
8655
4295
3677
1376
527
37
8251
7369
9037
5503
4897
9903
532
9434
6943
4870
368
46
7206
8648
4483
4985
2215
478
3641
1870
2989
8341
9810
4326
7271
9137
8734
7505
4122
5568
5836
39
6122
5178
1870
7247
6709
4587
9932
5978
8588
4
7301
8726
7317
3592
8007
5978
8660
5641
9388
1657
3073
5433
8934
4253
5568
2751
9327
7811
1281
4126
9366
5839
5984
2288
4337
6125
6092
8767
8202
1925
229
8038
9377
6604
1844
1604
8961
160
3914
9466
6681
4547
535
924
7498
9746
280
5022
8643
921
1036
821
1245
112
2942
2104
611
9267
8905
7708
9676
925
5427
1089
1052
9603
2724
8187
4821
3154
7957
1470
5332
1318
9948
2101
9814
7832
9058
6126
1052
2624
4551
7514
8071
6143
7883
7760
5706
1544
3159
1609
6264
6337
480
6111
5620
5603
4338
6699
468
8453
2246
3444
6945
176
7210
8927
2942
4689
8768
5922
6846
1481
637
4510
5292
2940
5084
442
7720
5934
1077
234
6707
2016
5221
2528
5572
9332
8880
6153
9242
4114
8387
1876
9266
5112
3125
4275
6036
1662
6771
1369
3703
736
6075
5686
7930
7503
9726
9454
2705
8435
6995
6517
5583
589
5770
9923
3266
3873
4535
4469
9268
285
7456
6457
8467
6223
34
9214
6863
9008
8585
4724
6526
9434
8937
6274
3157
3086
5902
6293
9932
9187
2546
5462
9780
7393
4343
7804
8426
8603
880
8775
4292
5826
3660
6956
251
5557
561
3168
792
3319
3031
9453
6359
3
6531
2344
6713
6086
3708
3400
5830
8546
4455
8811
2206
9854
2209
753
1697
993
1560
4914
7131
5546
8072
9659
9663
6237
6111
4658
9360
8556
6135
336
5461
9588
2666
4340
5657
462
8202
9850
5992
6373
656
4603
8928
4828
5980
2842
5715
840
753
2829
8811
9652
628
967
6492
6850
192
2777
8593
4205
3089
5519
5976
4965
752
2079
5974
6943
6158
6443
9778
506
7661
932
5822
5850
7550
3422
4323
2244
6171
5801
4829
5051
4022
973
986
6443
1488
7701
6474
6203
2626
227
5239
2260
5742
5113
6605
1145
9099
9583
4962
2208
6860
4509
416
3011
6524
9807
5823
2448
7246
2152
5721
593
4926
9020
2172
874
114
5497
6223
5365
1771
7641
2592
6079
2469
5640
4824
6043
8777
3272
9705
7114
5273
9225
9929
4390
663
8620
5420
5965
5911
2401
797
4655
9969
2347
2249
80
5875
3849
2533
245
2259
6203
4813
2243
8341
5638
4089
5024
3499
1611
5408
8851
2239
3884
2643
4617
2818
4038
9455
177
1839
941
6865
5097
3416
1356
3028
3373
2542
3048
2772
8013
8361
6221
7935
241
9313
8372
6299
1406
4051
7971
6344
8803
9078
3129
3365
6305
9878
390
4261
8799
7161
6891
7778
5052
717
9001
7692
7446
8316
2704
4161
8722
4934
237
5567
6327
2160
4468
6482
1010
3912
1982
3045
1143
4942
9786
2396
7164
5402
982
627
7131
1399
122
3987
1358
1833
7098
1833
1857
6780
3487
3923
7460
8464
2237
3646
8115
4543
3176
4241
7509
6082
4034
7599
8592
6538
5410
3617
2879
8496
2346
2732
2115
7124
3370
7660
2959
4169
7128
9522
9616
4702
9173
6050
6246
5673
2939
5297
336
3303
394
5010
4194
2042
4464
4467
6466
8762
1596
5890
3587
4993
6974
3726
7218
4923
8797
3884
5487
1004
549
9648
4896
2740
6793
3356
359
4375
7566
4656
102
844
8203
7876
6745
434
6172
915
1250
226
8094
7770
4540
6215
7215
1889
7714
8302
1011
4171
9279
6503
1547
7436
4070
6343
201
2105
2248
9510
8611
8295
1037
5621
8850
5461
6910
5529
3766
5812
922
4304
7303
8471
244
8351
2293
1079
7513
8844
3756
7744
333
2339
2553
7436
8007
1884
1667
95
6137
3082
9695
6477
960
643
2325
9096
1163
8314
5085
1014
2814
1927
748
2385
8796
8786
1255
6111
289
9956
1306
1177
4960
4977
3505
657
369
5583
4916
3625
4854
6128
6330
3427
4275
8324
9687
375
2150
8785
8443
459
1205
8687
3067
7597
4140
8345
81
5684
6424
9473
1790
2075
670
2326
3488
6482
7839
9697
1267
2466
5308
4583
7134
7534
197
9552
5125
1851
5434
1573
4879
244
4081
4269
9283
6440
5943
1842
821
441
4366
5707
6728
696
560
1530
7579
7551
5665
879
882
4977
2637
1840
1972
9914
7694
6353
2870
9571
5670
6071
3455
3353
1466
2216
2895
555
2317
1883
6298
4843
7394
2057
5086
9377
4703
8147
1999
8909
59
7180
3557
3656
5958
9658
1549
6903
3760
9168
4003
8213
9804
7172
9566
3132
1859
4723
2214
682
2026
2893
6652
857
8389
1660
5567
5766
6038
2915
3516
4011
2326
6561
9555
8922
4573
4738
9154
558
196
7731
8603
7167
1894
4386
4861
5770
6647
7354
1022
4543
9034
8890
7422
2993
8857
5150
1210
6531
8105
5195
487
7528
9098
8452
9199
1102
4632
9470
5223
5814
3878
5391
618
1936
7168
7817
5323
1808
4776
6268
301
2081
4413
102
8142
5943
1889
157
9465
6468
5935
7605
1216
8478
1595
7790
7579
2553
18
7037
2574
8105
6633
3473
5613
5884
5690
87
5836
3930
1996
6420
9425
469
550
7950
7799
1788
5244
6401
3122
9395
252
2713
6911
8743
1156
3298
3050
4239
2112
5329
2847
6216
8940
3421
3442
1678
971
3737
2164
3842
3332
131
9157
9158
4224
2185
3921
4972
5612
827
4508
6521
2042
176
9187
1210
529
9719
9925
5977
8437
9658
1636
5273
9965
1945
6658
7575
481
7764
7811
4980
453
3715
8465
2431
46
267
5731
2877
2745
7426
5226
9018
9068
4003
8319
1679
6100
2597
5274
4395
2480
3479
6741
4827
8958
1239
7038
634
314
361
1284
8449
1896
4477
9052
3037
6599
6467
7633
6854
1614
888
6711
2482
4893
7263
1011
7710
6225
9723
8843
7843
9653
5816
2956
7551
8771
6978
6745
2947
7118
7162
7419
472
2660
6298
4082
1426
4645
7146
6674
6595
9121
119
3589
6177
29
9602
5899
9928
4028
7821
6194
5635
7671
1316
6452
6953
1760
6078
5097
188
9675
193
3604
2944
6918
8737
6264
8041
3665
6805
6598
9487
6552
4471
6174
2780
6459
4598
5186
1564
250
1371
876
1767
4019
5336
3122
525
9592
9727
3243
4764
5146
6982
3898
1972
2491
7239
185
1339
207
8640
3899
6366
4917
7360
4581
8616
3541
1824
6373
411
1578
4624
341
4145
4515
1310
677
6425
5008
8152
8312
1191
6946
1081
4655
5342
3903
8328
254
5344
1751
7430
2963
6840
4348
8817
8961
6806
1238
4810
5821
7914
9040
5152
376
1063
4131
6735
6661
3218
4837
6876
6352
5029
4802
4160
4270
8277
7004
815
7735
4229
2425
5849
1285
4707
462
430
2690
4997
950
8906
4080
8474
2283
8728
8807
9948
3111
6004
2313
8703
304
1071
6360
2034
54
6984
522
1660
8008
7908
1270
1724
1404
333
416
8213
6981
3351
5172
4813
5058
6905
2211
1639
7163
3134
8718
1609
1137
3004
4541
3337
9928
8981
9989
1790
9836
1241
4600
3628
2512
2170
2641
2517
3750
8944
2855
7754
1284
1637
9135
2496
6464
215
7470
976
1495
8537
5937
617
4779
1210
5009
6915
8929
4658
9191
6570
6356
8309
6590
7293
8328
6843
1020
2945
240
8178
9535
2969
5450
3949
3175
432
3623
7594
4072
526
4910
4155
2092
8464
6485
2838
3635
947
4250
8350
7634
1566
601
8694
8088
7495
2588
3892
864
6407
6591
7251
9290
8978
1879
6670
131
3855
1782
4507
6505
8377
4073
6368
9778
9422
3074
3208
9750
7573
5205
1675
5961
1664
9368
9261
318
9676
289
9522
8468
6286
9743
1217
9974
4589
2198
3257
7273
634
7954
5194
533
1128
3535
5122
7124
2055
6783
5094
3403
1390
2620
4280
8519
8030
1701
6740
3609
6674
1238
52
8436
2994
9428
2113
6725
3957
1436
9050
5496
6906
7667
1803
1597
9864
5298
2382
1832
5233
2685
844
1953
3758
2003
9480
3197
9297
477
4617
6722
7238
7392
7520
7040
2096
6523
6385
5477
4194
7109
5192
7859
9438
913
9020
6860
7473
4590
3610
8253
3309
9099
8498
1131
1657
1723
7070
5749
7483
125
121
5306
429
2959
7055
1017
6018
186
8206
9320
5625
7623
7505
9961
4374
9946
4731
6547
3034
9399
9785
5514
8231
8919
9293
2075
4107
3613
564
9187
4129
7108
4609
7581
6857
375
2354
4213
9801
4697
5089
320
9343
5328
6419
3997
3916
5855
3532
1942
7863
9018
791
5179
7689
1582
7529
609
9513
7206
642
963
1267
2885
5360
99
9420
3265
330
8960
3329
6041
253
6040
8377
3851
989
6911
5728
4205
6497
2939
5704
4381
8413
3992
2813
9956
3265
8774
5531
4230
8870
6446
6871
2933
8021
3347
504
6446
173
549
5052
1351
3582
3903
5218
1142
71
583
9149
3903
7519
9109
6479
7439
8627
1764
3393
457
2557
7325
5795
7555
5579
9843
8107
5589
4687
448
5036
1784
3314
5247
3126
5084
4811
3955
9139
3119
9088
3367
6697
805
9106
4229
3032
5281
8330
3021
8049
8581
2001
542
6216
5621
7976
3744
5597
2519
6596
825
6193
6075
1336
6459
799
6017
3974
2901
8007
105
9931
8074
6162
7526
6114
3037
698
9553
6869
5592
7815
7977
4666
1583
7322
2833
5675
6975
5842
9833
8022
3430
1905
4616
5246
5619
5890
9988
6555
520
2763
1049
1336
3456
4812
9335
3359
5417
1770
9716
891
1131
2981
323
5483
6693
4613
5262
3779
5936
3399
1761
4568
7218
8271
6995
6163
4958
6967
9996
823
6465
5787
9175
2032
249
6221
1609
6469
8980
3864
3276
6510
2243
3497
2149
8399
2643
1406
7658
3502
7074
5901
624
4589
2003
4055
3547
5111
1584
2650
9243
6430
1893
5313
6494
7513
3580
9250
5443
6088
1115
2797
6687
1774
9300
5012
2002
6603
345
3394
8494
3077
7234
3993
8789
3092
9154
7538
2014
2270
2016
8254
882
9445
678
2089
662
6321
1282
4231
1351
8216
6462
8401
9135
2692
3813
1622
3205
5175
1941
2271
977
3098
2532
8860
4719
3393
7525
7155
2034
5176
5946
3108
9937
9797
8673
6833
2746
4604
9476
9840
3160
5641
2968
2700
3865
7042
8279
9309
3455
1496
1137
2486
6095
2598
7699
7439
8202
2328
6905
3704
7351
6853
657
1071
1830
7307
2133
2493
9542
3185
1799
8307
5034
2603
4737
2744
3503
5956
8185
3251
5841
8756
5842
3011
7674
6899
6949
4145
8659
1607
6298
8101
778
5186
534
2994
8618
3869
1582
8733
1414
2485
5337
7470
849
9354
3026
509
4992
1411
3368
2530
3884
8651
1890
8834
1770
1882
3640
5136
8939
25
6104
3770
7086
3199
3481
4493
8943
5853
4171
8191
656
1815
6287
4751
683
510
580
1408
5401
4685
5812
1561
9606
3393
5700
4704
4180
5152
7991
3244
8815
2508
741
2362
9844
5737
713
5656
6135
9637
9116
3956
7778
2080
2703
3796
7565
7336
8054
5938
9712
6587
132
3833
3489
2663
8390
4279
2770
2406
9170
6912
2404
3566
4712
1799
3031
5701
5152
9811
9619
4508
4873
4739
8047
3992
1904
5417
7768
447
8720
9754
81
3527
7881
6366
9255
975
3176
8905
6211
7768
3310
1962
103
7401
4109
4851
6608
570
4991
6406
8476
867
2027
3492
2449
9107
4007
1354
5362
4955
6969
5770
2103
5184
1715
3255
7325
4523
3083
5152
7843
255
2271
6495
9102
6672
2069
1283
6132
6147
5961
3764
6940
7669
311
41
5203
7827
1269
3506
7333
8795
4675
5947
8673
3916
8024
971
265
6933
794
2504
7168
8072
800
404
6470
6584
3366
9031
7637
2536
4285
8459
2681
9901
3718
753
4311
800
9485
7066
1973
7927
5377
8503
1522
9946
9173
8913
3328
609
2832
9402
538
2818
4350
7258
2797
9820
2739
8822
1796
9032
1701
2229
588
2717
8734
9493
3969
5520
5348
6816
7996
5326
6330
7771
3936
7592
8258
7358
1879
5602
136
9385
6602
7015
9724
7830
7604
7933
1400
2285
5595
7124
691
96
3440
2036
7307
1878
9872
7471
1787
3802
7176
9276
462
112
1875
250
8390
4285
847
2185
3961
4303
8961
7302
1507
6676
6760
1849
6477
4076
5923
8698
7304
8860
5687
549
1605
4819
524
8617
5329
5514
2113
7040
1469
1685
2612
9782
6944
4920
6155
2833
1846
4725
8131
6916
1385
2084
3747
2868
8352
9074
2521
7317
5224
1999
5404
8218
5833
2134
1697
6992
1616
6433
9051
8806
955
6069
3174
2378
3717
9666
8151
6223
5686
3148
9253
8357
5447
887
3296
2426
5126
3606
2592
1320
2614
7008
2341
3506
8729
9980
1523
8604
7078
8170
2186
3601
3321
9304
2340
1784
5128
5339
5245
4363
4713
7964
4929
1205
2514
358
6515
9400
5938
7974
4205
1340
2200
6872
9792
441
3606
9615
4154
9312
4889
9118
6420
9229
6186
5698
4533
507
2118
4756
9690
2606
2718
2880
7424
6587
3322
5616
6722
6386
4258
9749
8996
8935
9517
9832
1509
7550
4789
7449
6539
5878
3448
7357
7990
6199
2352
1869
6906
5143
1973
7498
6274
3608
8154
5509
3930
158
409
5653
7060
2874
8411
3007
1282
2634
4539
7828
4446
3095
6346
8115
3918
8393
7216
8780
3954
2636
3202
5375
8855
9422
7053
8315
4209
5123
6179
9453
7122
6280
8814
5971
2107
2327
6602
9523
9285
2557
2337
8241
7363
5748
6162
4780
9648
9565
8151
1772
2259
6140
7098
999
8418
1608
8850
7270
7353
3887
9548
8093
2454
1656
4996
6312
9625
2307
5082
5646
4671
2062
9862
8543
9880
3676
6942
5827
3737
84
8713
789
4114
9684
1084
3298
9460
4604
589
441
1822
2206
6321
6513
6023
2384
4969
782
263
3348
620
1502
8434
4455
4757
5791
520
9516
9814
7460
3737
2182
3660
7707
5250
9624
2733
8209
2931
3457
7294
6809
678
445
2096
7220
5125
3402
3935
2352
4
7696
2147
2925
1
9344
261
6989
3316
4783
9819
9741
8512
9171
8580
6144
922
3762
4399
1453
3098
8306
8404
7780
6347
8027
5996
7690
3753
4213
3560
3968
4090
3888
9327
3739
6061
5455
1479
6547
598
3896
4707
4155
1082
2031
8274
5707
5294
5628
131
2072
7942
3339
1824
274
8327
1190
4455
16
4972
5702
2870
9833
948
4789
6447
572
8831
146
7445
1767
2154
4236
6256
3554
2897
3581
9911
331
3485
7635
9709
3406
5635
2431
7443
5186
498
9036
6021
2866
4526
9063
3997
4826
7342
9932
8166
7896
55
900
403
5401
98
9699
1999
1965
4874
6036
9950
5410
9627
4901
2785
5884
6017
5084
3871
4183
9905
9526
7001
3154
5305
8097
1344
4408
9736
3823
1155
8606
3658
7007
633
3522
4783
9596
6869
2003
1062
3441
9590
7459
8526
6312
5079
7819
7919
6983
6288
2543
8431
4780
6238
2243
1297
1159
7018
8540
7540
5066
2942
8823
3452
8604
8451
3321
3531
5051
6954
344
4093
33
6107
7796
4698
6073
5249
8365
1792
8383
9510
5499
5201
3342
4548
2296
7789
9597
499
608
8226
1533
9296
5832
5142
881
3612
4219
6874
6980
8110
619
6485
6218
8274
4903
8521
133
6252
1138
9576
7560
954
6277
5386
9185
1202
4699
3425
7942
4050
3727
3716
818
6388
4211
4133
8747
282
9616
6987
1032
8825
9574
3001
989
1184
8956
9832
30
5578
6855
3929
4963
8833
5494
1691
7544
5552
8545
1760
6744
3687
6711
5600
2634
7386
3550
6319
5667
2767
7760
1722
4331
1440
1029
4129
5671
5552
5334
9557
4750
9606
2183
8170
8593
5425
7785
4103
733
6815
2628
1047
619
5183
9591
2409
479
7732
1336
7907
1612
3581
8483
8796
5309
9114
1072
4230
796
7268
1125
4792
3563
2804
1752
9422
4149
9363
5964
9260
6428
3866
182
1407
8312
8428
255
5547
5873
5103
4628
231
5173
6877
4073
1170
7080
2730
6098
8917
3079
7602
7114
7336
6735
9209
2548
7231
9837
22
2148
7975
5961
2057
365
8719
2973
2286
7582
7639
6881
4751
6437
8870
5922
3789
7860
3462
4875
7251
2011
3599
5027
3534
1119
420
7499
6158
5902
6156
1838
50
7740
5749
8346
6441
8450
6146
702
6449
7758
4450
4665
9056
6904
5451
6629
4459
8170
3053
8710
2660
3502
4800
9923
1080
2074
5072
4898
1884
575
367
346
8255
5075
7121
2767
9480
1620
7334
172
3714
3834
9111
3405
7211
3076
7223
2407
4494
5400
4992
2577
1818
6928
8240
2210
3830
6108
2691
4162
9293
3965
1502
2865
7705
7274
2146
3971
8358
5382
7592
8694
141
3456
3352
2783
3928
6938
6299
2618
1135
2648
8116
359
4463
9511
2670
7497
918
2332
568
3583
9052
5234
6577
8456
6180
9501
7608
1105
3004
8896
8087
751
1714
7453
3860
3792
9050
3842
8730
2486
7233
5408
8526
2834
6040
2466
7507
6928
4948
6219
4585
6062
956
9028
1089
9779
3209
2167
4818
9321
4917
2607
2043
9695
8045
7986
2696
5553
8985
1609
1706
2531
1912
7450
5284
5841
9749
9835
5976
5266
533
8403
9685
3630
5028
1552
5567
6314
7628
7855
1899
7987
8209
8705
3251
8007
8867
4299
7181
7477
435
5663
6240
1879
7010
9488
5794
220
8306
9523
9621
6533
5081
9519
2610
5984
9499
5321
4015
8352
2250
8724
3445
7395
868
3267
8950
2315
7144
917
7595
3482
1829
2097
1140
6508
1416
2585
2310
4528
7134
7010
4123
1325
9736
8912
4663
5742
1641
5459
6032
5304
8894
3587
1639
223
6039
1561
1276
1035
6569
7065
3564
5344
6715
93
3708
8371
1664
1762
5622
704
7535
6600
9613
2145
7731
9911
1487
4145
6812
7867
4739
9981
8445
1855
7093
2130
8401
8720
8678
339
1509
7635
8424
9881
9375
2875
9219
8187
1292
2885
7626
6564
809
9753
3754
1712
2343
548
5187
5745
7240
4525
7784
8904
8116
3390
2196
1954
9659
1252
7364
7722
1947
1041
4614
5606
2886
2023
2478
6484
1992
5393
2399
502
5142
7370
9484
368
6916
5528
913
3538
1239
3042
3278
9709
40
5409
8073
3203
2626
6557
139
8367
2551
5226
3561
2975
7151
4465
5292
1860
253
622
5934
9172
8626
7578
1537
2132
4416
2626
8729
1967
2291
6758
4546
9646
3746
6970
2123
5052
6193
6481
9329
5037
3510
3416
9765
4502
5629
7166
1139
823
5958
6521
6588
4975
7999
3456
3504
1665
2135
4542
3017
7960
2557
8209
718
6740
5234
7837
9490
8161
3165
7799
8110
8771
2703
8014
430
5403
257
2037
6353
7759
7012
9728
7808
3436
7416
1971
2801
7437
2004
2426
7790
8616
4749
6753
9556
6846
4318
831
4912
7826
3456
5906
1323
6759
9605
4588
5532
3843
7729
1481
6445
6126
1803
5799
9452
101
4060
4759
9971
3008
9316
7474
5018
3443
2560
9582
8309
466
423
5980
78
9518
7063
1743
1556
6123
9085
4944
7291
5560
8136
5744
7999
1574
783
2965
5877
8959
8325
4947
5349
3086
7660
7977
183
8154
8429
5937
9587
9900
6784
6703
1504
9781
5637
3602
1746
9375
1001
9335
5436
9587
3949
4404
6761
5684
7859
6464
109
6313
4922
4288
2867
4383
9285
9853
6671
2071
1112
1051
7000
7458
8590
255
4147
5824
9016
668
4620
2819
7340
8936
4327
2586
3503
1730
5250
4196
5150
971
8627
3775
2865
5345
3578
8911
334
6850
4043
5774
4617
8463
8705
6371
1903
3605
7918
5902
2118
8132
8303
3227
8796
8816
155
6440
8941
4022
5804
6432
1819
8265
319
5668
8069
6588
5486
3416
4169
7266
2072
8095
8893
8777
786
1448
4566
3806
1235
9
285
6283
1092
1151
3323
1779
7837
1424
2640
1543
3975
7406
3498
9404
1847
6575
7210
6052
45
2446
7212
4775
4699
1830
6875
8481
1974
9686
4824
659
4531
4845
8321
2791
3119
2377
6905
4686
3568
2151
9995
1859
3530
2934
6530
413
7249
2514
8892
5844
6196
6509
7903
2519
8763
4692
1361
8050
3579
6452
3024
6145
8139
1207
3738
7493
9448
3220
6582
7271
7113
4559
2211
5810
6543
6038
4395
8483
8660
986
2210
7177
9011
8661
1209
1491
7555
6209
5631
473
2016
9818
1558
7129
6833
5416
5892
6035
6598
8654
7093
6328
2534
4601
3318
9645
2850
4207
8063
6655
9884
8747
1850
1202
6884
4996
563
5154
4116
579
9704
1071
6556
7033
2867
6054
1581
4891
4729
3802
1838
1649
2568
2091
590
2259
3673
7424
7128
2516
7102
1677
9604
5268
7876
102
4865
2465
219
9172
4359
4875
8791
5453
1302
7067
7209
6679
4012
3260
8655
3899
762
2168
7310
5285
2188
9887
5758
6487
2532
6182
8316
8353
2406
4777
6379
246
9678
1106
8563
540
6797
484
7022
6164
2076
1792
8824
5386
7134
2462
9162
1386
6591
5186
9215
2257
5345
3532
595
3476
593
7371
8144
2946
462
4983
2978
8732
6351
1879
5187
8517
1879
8319
2196
8571
5171
1617
8682
5594
4603
8625
4225
3313
1562
6846
2383
882
7160
9520
1841
8212
7547
7971
3412
818
2257
9869
8741
1740
5799
3314
4157
9554
9806
1213
9371
6588
8374
5796
6468
1474
3718
905
7219
346
3708
4617
6117
6236
491
2786
7119
2075
5709
6846
7635
619
5819
9921
7067
6355
4754
1146
6243
4706
1050
9461
2856
3900
4243
2298
7516
3074
3472
4810
1828
8168
6728
4369
9105
8817
8727
7397
2924
5237
1924
6463
9130
6969
5674
271
3657
5343
6457
9972
2960
1563
2562
1700
9402
6064
6205
8862
9798
6204
5775
6725
5341
3482
5415
2591
5940
3423
9626
5004
2934
4205
993
6607
6025
4119
4761
7907
9761
6705
7798
9706
5524
862
9330
5905
2997
2965
280
9591
2898
9674
6571
2426
4340
4300
991
5951
5324
5038
9848
3112
3249
1248
6087
1329
5347
3914
672
2136
7381
2975
6285
1180
8555
7920
7882
9201
5244
2002
4138
9041
4274
2648
507
1941
4887
114
325
3354
5512
8966
716
7945
3445
8762
7366
9942
7386
9536
237
5408
4927
9182
6371
7864
9680
2339
7674
6421
523
3459
6288
8221
3034
4742
4256
7277
9528
8226
9103
2934
2645
5706
8534
3936
2184
2074
6372
1258
2318
1384
7735
8740
9264
7263
941
496
6159
3599
5962
6809
7897
9420
1397
702
8055
5471
680
582
6962
6107
9017
8276
5405
9502
9613
9274
4892
7518
4588
7009
9291
1668
8204
3510
7864
1258
1904
4616
6013
9311
3383
286
4908
6600
5277
6690
5522
5677
4378
3140
7514
7843
5775
9161
405
6678
5621
7756
398
7617
8494
468
4124
5876
857
2649
1386
6616
2959
892
4473
4349
2971
2795
5977
4828
7022
164
7725
9077
379
1039
4686
6155
6211
7625
4643
449
7514
7784
8432
5640
8561
6448
8428
1644
216
6480
6010
411
9082
438
4557
8264
1100
1258
7337
2606
1131
501
8797
600
5363
3183
8789
1262
2560
7728
3331
7621
3969
9914
4077
8237
1569
9689
4189
7595
928
886
1414
7841
2370
6269
8610
3830
9116
9420
6671
2819
3909
3018
5807
1952
8328
7465
7373
3173
7953
9530
1276
537
8497
3906
6579
7771
6109
8828
7992
701
7112
2698
2253
2189
1830
5078
8217
1536
1798
6108
4095
610
6402
9
1588
9791
5237
1314
5419
8637
6287
2786
9826
167
6781
4861
6506
1033
7890
350
5276
5345
7099
2767
9662
8521
6495
1372
152
7057
2261
8847
7497
9190
4412
5097
632
688
7455
5067
2963
7467
6213
4084
5084
6792
9369
3192
6224
760
2112
4686
404
8101
8948
7525
6263
4113
1985
3491
6617
6846
5334
7621
4842
1
6174
9219
4618
5316
5385
2655
9910
3937
4975
8781
9195
1425
7244
562
562
5865
8825
116
6246
511
5358
7979
7185
1168
5484
4361
2784
8887
2504
1357
1421
6305
3898
8176
9205
591
5625
2274
9664
6179
3376
1055
5235
2277
4245
9052
2610
967
6367
769
5083
1045
3284
9669
7845
1372
3568
3634
3582
2083
5469
694
6466
9862
4681
860
9707
5524
8476
5509
2535
9424
3112
7205
8724
3245
3009
3695
3382
5896
1336
6646
5510
3541
5442
7046
3217
5771
2203
9191
7932
6354
8353
6025
8750
1824
4785
9701
2912
6253
8914
644
6358
8961
7467
5278
5636
4444
6413
8252
8642
3414
5852
932
5696
7525
6514
5928
5491
5012
3013
3492
9571
2541
9262
8511
7275
2612
3947
4444
3217
9635
7290
7059
5362
6881
5758
2481
7542
4227
8105
6438
3107
3320
7337
283
1891
3926
9611
3351
9403
2202
2957
6991
9633
8555
9196
9603
6777
2060
8413
1733
9049
5377
5034
7563
9973
9898
5167
5326
9814
2774
5263
9624
2189
6455
2374
3924
3910
4580
1238
4571
1196
2699
3857
7542
4601
1791
6402
5631
5795
8434
5882
556
9764
3553
6903
9363
3934
9968
8712
3293
9243
4721
5562
5974
550
1413
7694
9453
3535
5416
8444
3803
8862
1395
3833
6020
8476
6902
1095
7674
4726
4728
4980
6966
9490
1285
5407
1157
7780
8772
8340
3449
7593
7758
6256
9542
1470
2521
110
8638
2636
2548
6558
8060
630
4413
6561
2929
9351
3588
4520
9483
7117
5631
4441
3980
296
2703
8268
1528
8248
8781
2081
4987
1954
4418
3092
6632
3522
9505
932
9424
2487
6930
3785
8891
7922
9172
2942
2558
9507
8324
6687
3264
2617
447
5276
5924
2478
824
1158
9219
7801
7102
7807
2692
8028
5113
9588
4501
3199
2191
7859
1492
6601
6478
5522
8332
7845
351
4505
6146
2957
325
6534
7884
4364
4869
379
9399
1374
2196
5287
6854
4212
1582
6076
9815
9557
5711
959
1565
4248
6767
790
603
1216
4862
6568
9809
9615
3243
1737
4571
5928
1694
6515
3174
8015
2371
4512
9376
6414
9028
7508
1210
9372
9704
1882
9799
8229
7250
5478
3640
5235
7721
5819
7900
8796
2683
205
2654
2197
9075
8357
1927
3460
6874
6476
3944
5037
2704
9532
3435
4990
4280
3070
5099
2466
1371
7023
1339
999
9016
8765
4237
3915
4848
8681
1365
5737
9675
4522
2931
4330
6254
8624
7113
7092
1609
290
8531
9056
9007
715
7616
2765
5231
4929
5022
1177
173
9377
1408
187
8557
2443
7420
9564
1092
8178
8740
7830
4847
1546
9119
6194
4283
1617
7264
9020
8938
3715
2022
9910
9891
1498
1464
5637
8973
7098
6939
3570
2735
3038
3017
9834
4911
5279
4968
2165
748
747
3764
5553
767
3316
2513
7364
7644
9654
2626
2798
4863
7479
578
4513
4035
2938
3628
3965
3308
6763
7825
3603
4040
4577
6194
222
2691
7111
7642
9510
9358
9993
1501
5188
5866
907
7873
6586
8853
1168
841
7560
5916
7147
3348
8043
3073
3018
3481
8005
3453
5161
3711
9904
7800
9231
1531
7502
9201
7626
327
6652
2846
5846
1506
8810
2481
7825
5108
2752
8404
9632
6879
9736
7165
6651
9937
7192
4761
6090
1978
7147
6595
1452
1374
6956
5666
178
1242
7250
9513
1513
2432
4187
4544
6326
7213
8384
8084
6996
5572
1228
8435
3720
9689
2057
9503
6144
3696
3090
910
3536
7398
2157
1634
9981
9586
6803
1402
6886
4877
2090
1320
8915
5325
5055
3444
7104
6796
9833
2020
189
5140
6071
2693
3464
9070
3734
954
4365
3015
6047
9557
6941
9752
6158
2108
7357
7129
6624
6932
7776
3822
2495
4041
4402
6402
9654
5447
6700
8659
8795
4471
8580
4834
4783
636
3133
6622
7810
2523
3766
9777
8871
9786
1665
5432
2227
2094
6321
1458
7603
8161
6301
3210
9117
3642
3985
6161
196
4837
4792
4363
697
2631
4104
9589
298
4020
376
2547
8366
1616
8622
9456
3438
9318
7702
7589
8968
5172
4856
3220
3584
1178
1626
963
2123
9402
694
5919
6695
1577
8869
4930
9323
8891
4841
2689
5161
594
9279
7990
1212
8717
5037
7575
6929
660
4835
3143
3105
5841
602
8243
3608
7806
465
6961
918
9496
8625
2259
9282
1929
9548
5042
1783
2473
3236
1900
6012
6242
9751
8969
3518
8644
7240
7366
3730
8418
332
1648
9937
6562
2563
5176
5626
1310
3670
1934
8324
1583
8636
144
376
2654
6623
178
631
9990
3785
4297
2227
3820
2015
9652
8949
3018
5776
9099
4826
5430
5832
6802
9569
9650
7556
65
9610
6182
6564
7852
6278
5338
1132
7850
4643
3207
4068
1764
3168
2908
473
8334
8843
2741
4503
6178
9683
9601
9572
4183
8708
1103
5116
5497
9159
8759
8705
9816
1899
4841
3513
5191
2566
8975
9271
6515
5612
5867
903
9257
906
7645
9212
203
5981
9752
152
6177
1453
9057
8578
9528
2103
716
7662
9923
3531
1620
1613
3586
216
9838
4970
1053
442
9750
2329
5265
7056
3563
6186
8712
8403
6977
8070
8455
8986
1305
4946
9250
4045
2029
6292
9799
9417
1023
3986
9249
7980
1862
1499
7987
6369
2490
2297
2640
2641
204
8914
1386
2661
2002
7342
5458
9703
8715
5650
1205
5657
7702
5854
1102
6229
6578
9197
2210
7926
4210
6771
5508
6185
4348
7822
8991
4573
2745
3504
2334
3297
3718
1757
2272
8380
6776
6978
5098
9982
9167
8704
3153
5034
8762
2002
4891
9610
3254
8418
3617
4391
8745
9296
6966
8793
3994
4496
3467
1417
3760
9693
4255
7629
1167
2217
8817
7412
6083
6367
4029
2501
4701
7140
6377
3298
3499
8698
4849
4850
9192
2464
3773
353
7762
5659
9875
8174
9949
5004
7740
2081
8663
4614
4914
8471
8476
9393
7883
2944
9452
6727
4921
9713
2622
9501
394
8413
893
4148
7856
3850
1531
4041
3279
3260
7174
8749
1487
6727
540
6787
2068
3526
126
6433
5495
4980
9087
1188
6811
6895
4035
4328
3287
8110
9383
7816
5151
5713
6067
1572
831
5940
3645
4821
6711
9778
1583
9821
6975
6720
6436
7263
9854
7272
2740
9932
7487
3710
3348
7871
7009
7895
3500
4889
7278
3466
7194
5090
5638
2967
7201
5327
900
1599
7443
6501
559
2316
586
5663
6663
2638
730
32
3967
9883
5825
6836
641
5847
6135
1513
6302
9774
853
1471
618
9282
5031
457
8575
3797
5448
561
4429
367
949
2976
3308
6750
4834
3024
3495
7620
8365
4781
6334
3335
5758
4350
7248
327
955
4470
8794
9306
1736
5232
3798
6522
4960
3803
6405
5555
2435
6296
4649
5139
1080
9558
6465
3079
5021
4993
4243
7893
5152
4712
7286
887
9261
1768
708
7902
1762
9955
4595
8714
9495
3235
2410
4291
3932
4881
3727
8606
7066
4754
4157
6108
2551
1524
9697
6233
3810
4947
287
3367
9708
9207
9005
740
9639
1137
3200
3562
5172
7120
6925
8874
7125
194
1499
7
4358
7967
1398
9773
8466
8745
6079
2817
6900
5553
248
2143
7506
5982
4068
8436
9345
3351
1651
419
420
3418
469
27
5469
4597
8762
5019
5820
2148
5971
6641
6577
335
3746
5700
5304
6878
1883
1038
5943
9544
4617
4720
3912
444
140
226
9328
4385
3750
190
5334
6436
8745
4527
5448
1016
3718
5228
1364
6116
1235
2668
3873
4433
512
53
3919
435
4347
5961
3860
3179
87
2229
3585
5204
1193
925
5301
5507
8684
1191
7393
2020
2831
9806
4159
7031
5417
7664
2297
681
4989
8557
7434
4822
5154
9272
6239
7576
510
2148
2560
6508
8757
4864
4129
472
638
1838
2545
3901
7097
1093
6824
814
6961
1918
8388
6010
1545
9755
24
5098
8088
1246
7760
3098
4241
4204
7670
5328
8605
1167
3345
8841
4892
6111
3501
7901
7763
2330
5259
2327
7081
8268
7852
4104
9214
8716
6169
6518
3926
722
7324
7827
3376
1560
3195
8925
6335
7601
5465
9194
3849
2986
5717
8936
9872
4872
954
9841
3532
1577
6690
9181
32
7591
9566
260
1817
463
6209
8912
20
9187
19
9839
1392
9243
706
2167
6667
5964
1283
3661
7373
8819
8855
1739
9529
3404
708
1881
1128
1331
2728
7410
1115
5815
5882
7578
5673
7565
5730
5855
1717
8568
4575
5060
790
8130
4044
2788
81
5402
4647
6320
9737
7962
6417
1615
4831
1238
3989
7941
6769
4282
4350
1338
2732
2769
2034
3069
3213
5184
3662
3595
6909
2043
5174
5738
5463
4681
9386
9231
6555
2721
6596
1859
5839
6301
1422
7764
1603
1613
7846
2695
1122
2373
7057
3874
6618
2441
7296
9603
8738
2997
5275
6519
8283
8735
2839
7062
6812
9771
5727
1560
2115
890
5705
3093
3871
8772
1078
9661
2745
4054
6541
3426
9328
7609
1281
2101
9423
8144
2516
6843
7123
7867
4387
9294
4205
3388
8196
3295
9202
4728
8007
8803
6406
8296
4311
9643
4274
4532
347
4830
1135
9729
1776
3303
4197
1186
1463
7370
5093
7763
5672
2111
3998
8138
174
38
7895
9998
9811
7782
6169
1454
3653
402
7351
4919
5519
9154
9956
2061
8545
2553
3607
1282
519
3390
8886
8795
9879
1411
4700
3294
2777
9620
7919
5859
8464
1205
7208
1824
9548
8818
7235
7044
8759
518
103
7224
6732
4320
5267
5850
215
6290
8941
4204
2958
6871
6003
1922
9747
8035
265
7054
1673
6534
216
2986
9098
2095
1556
6697
7181
2838
6475
6721
3826
8872
3163
7594
513
770
5229
8217
7373
4274
4338
9023
7442
2911
2915
5424
9332
7835
1676
4845
3125
8319
9980
9975
2092
8501
9943
4580
4302
7829
4284
3717
1972
7337
2022
1521
3922
6963
1953
9532
7376
666
9623
4152
8767
5156
9098
5569
2730
7704
8397
3912
1841
4525
7162
4195
451
5200
8623
3019
408
7587
9245
6011
3626
5242
6572
2558
1024
5580
6695
940
8344
8703
7386
3375
854
4018
882
1278
6905
6923
6367
5997
8133
1839
1133
5299
3680
4175
8771
6157
4384
9665
1413
4078
1123
943
3507
9991
410
442
8249
4689
332
3386
6225
2812
9692
7575
5393
8239
5798
3995
6231
7714
1578
335
5486
5411
779
3476
1893
855
7265
5846
8887
9290
2466
4340
3757
5521
9205
5810
4579
5290
3054
178
9108
6439
1799
5705
9656
4316
7846
9383
7428
107
7254
8018
284
3301
4065
8161
713
9546
5102
7288
3831
5372
1717
8078
2359
3198
3311
431
8378
1815
5401
2343
9379
352
3627
5174
1395
9696
5497
7455
6693
7589
7834
198
8627
241
2105
7651
9668
636
3480
6040
6704
9571
7936
1561
1618
3805
9389
1823
4527
8962
5273
8024
2834
6373
8812
616
3555
3426
6304
4717
3489
5648
1572
375
9592
7379
5290
1397
3426
5267
8250
6583
8486
9498
612
5356
1996
2346
6754
4300
205
6362
4983
5531
6209
9329
9159
9864
8686
659
5975
8182
4814
3295
8085
5805
5046
7949
3415
9702
3749
4269
1537
6390
6566
6395
5352
8946
8862
5243
2821
2844
7085
2473
4010
7516
2509
5002
160
5725
8786
9332
9918
8952
8674
6976
2677
4169
9367
5874
6852
5014
6119
8198
6621
1063
9149
6219
7310
5662
5176
1901
7089
8774
928
5203
1767
990
1427
9101
9748
3545
7886
3736
6714
9481
4156
2117
1810
9156
2487
811
3156
6480
6327
2439
3602
7310
6197
3957
4459
9987
7465
3551
3550
7545
70
1109
1219
8066
2774
7706
1577
6073
8953
3253
9644
5540
6461
5416
9362
8541
5621
5862
8328
6168
720
8375
6978
8692
609
343
2817
7894
4065
3753
1906
4153
5210
7440
8661
2892
7273
9088
2661
1169
9803
660
517
3109
7796
5334
2640
6069
666
3738
6876
5481
5198
1578
7137
2936
5212
9672
9334
8094
6412
6272
1180
5467
1626
7451
8399
4279
9640
3778
9725
6716
2485
4130
2220
4023
6094
2189
1523
7893
3292
6139
8509
8940
8625
5183
2393
7163
4953
1699
9079
782
3720
3283
2555
5716
3307
883
7251
2236
9757
9546
2345
3356
8308
9222
1035
1488
3664
4028
1874
8154
7191
4547
6847
9858
2272
1822
9058
8088
7840
730
9860
9650
8470
4312
2136
877
5566
146
7011
7054
8206
5068
4375
7081
6600
2134
2338
3714
1680
357
7872
2154
848
4522
3809
6274
8855
6965
6780
8063
5707
4516
3899
1716
8909
8124
511
4758
8847
550
113
2967
3419
3703
9509
4029
3889
2189
5444
6827
6193
27
6942
5570
3548
4216
8170
7729
1644
7604
1483
8293
753
3108
7268
3504
1167
6742
8827
2620
8525
571
6185
296
4605
929
9535
1722
6361
8724
3344
8854
7063
5656
6852
8990
9133
2804
26
1460
8346
4953
5141
2106
5386
5449
2839
8928
819
1534
6921
7635
2802
9982
9956
6787
2978
762
3813
9780
5664
2070
6435
819
9235
2462
3438
7073
4048
869
7031
5523
1196
2330
6130
6521
847
2384
2182
1564
4481
824
2194
260
7824
5784
575
568
3635
8858
7852
7038
5712
6077
6112
4305
2541
8706
6752
1802
1049
6357
4126
7268
9874
5437
1151
1126
7396
835
9655
7824
3933
9528
5848
5495
3827
4406
5389
4893
8120
5444
1078
8165
7386
373
4045
9142
7641
1447
2651
1635
942
1770
175
8099
1955
9247
8372
5689
3784
5876
241
3806
7644
8763
3025
6659
5040
5098
693
563
2138
897
9406
5774
9523
1139
7002
9624
703
5
352
7903
4173
9713
5422
9248
7975
636
8226
8288
8658
2354
1584
2184
2034
6556
6719
346
6705
2425
9091
3912
4325
5091
8174
7023
8950
3103
4067
624
3795
3215
9863
5560
5305
4477
7761
400
4393
5559
1414
3332
929
6694
3771
7506
5994
2993
1768
5298
1267
5229
1716
763
7008
1826
1085
7869
8073
9258
3594
2709
5331
8516
147
7293
6639
4250
1353
1346
854
9850
459
1825
3893
3398
2408
1427
3305
23
792
2899
7371
7744
904
5174
6037
5752
2476
2104
4627
4186
6759
4980
5343
424
3457
3828
855
1339
5256
4628
3810
7592
2645
1013
793
851
6941
5604
432
7222
4031
2082
3999
2703
3882
9847
8654
6713
9283
568
6776
5837
6525
3867
5255
6610
5531
992
6648
3848
5173
4548
5790
1630
1699
5854
6094
4876
3913
5596
8315
6490
3056
6175
1753
4623
414
8909
4500
3251
5956
1979
9528
2446
2456
9636
5078
2454
7123
1251
6637
8279
9931
4921
1103
2358
4631
5749
1303
9025
6270
2848
5443
4256
5512
4315
845
1371
4516
8761
9747
2516
6316
6102
145
536
9345
8410
9277
6572
5010
1993
8246
2039
8363
1326
8094
9216
3765
1478
2154
2832
9984
4179
9285
85
7038
4900
1460
6580
4892
5238
2497
7432
7737
2169
1272
620
3273
3029
4941
2288
4851
6511
1208
8399
4469
3870
2951
1765
299
8639
8895
9323
844
9110
6774
8645
4375
2394
4586
5075
2705
8685
9742
6959
280
5730
4470
9379
6871
3695
6637
5651
9008
6334
103
4377
2149
622
4833
2306
3994
5449
298
2881
483
8667
7287
5127
265
9106
8647
5540
1635
9494
5655
45
8684
3138
5907
2007
485
488
3140
9288
1316
3613
2325
558
8875
1408
3715
4381
3672
4912
5488
4991
825
1086
2941
6990
12
2664
4991
9970
1178
3589
6322
8564
5344
3679
5772
5103
6207
102
4892
5631
4987
430
2367
471
864
9475
9024
9591
286
5050
1379
6516
3060
1633
8904
3171
625
4381
7731
5557
9168
7456
9489
7844
6527
6418
2573
167
6108
2954
692
4092
8540
7759
9804
8688
6880
8785
9871
9727
5256
3353
1852
4267
4625
8377
4965
7515
9326
219
9064
9957
4075
3531
465
616
2063
7917
4452
4027
2047
1976
9760
4
5156
8008
6365
1009
6448
3033
3465
7012
9394
4613
4492
8005
8407
8316
5352
1113
2373
9074
4183
3775
206
8407
6147
5555
6812
1456
9783
3641
1877
4944
6091
8625
8332
642
7181
6070
2362
3318
477
7382
5340
4010
2243
4843
9850
2814
1887
5649
8052
7213
1670
2240
1655
6022
4394
4673
8611
8755
2314
9906
8937
1745
2278
2259
3080
4084
3546
3512
8721
2127
4489
362
3294
9441
8640
6713
7546
4187
9436
7524
1236
6779
162
3181
603
1344
7707
6840
5852
8934
6223
5452
5336
8086
3521
8722
457
9992
8560
4300
7556
8774
6000
4492
8011
4426
2787
6069
7427
5093
7923
7503
6414
9358
8364
918
7748
3634
5269
3784
17
4193
5918
561
995
4281
1559
9255
9950
5339
8765
5356
1103
1671
8236
6879
8236
8428
3255
9123
6211
2402
9918
8291
6197
1152
8479
6241
4196
1810
1566
181
1873
2938
6550
6278
9564
525
7696
3435
4394
1522
8811
530
3079
299
9303
3331
3428
9279
9317
3925
183
7424
1244
6414
1309
1391
6302
127
2993
2883
462
7122
2105
1484
8473
9170
4742
3849
5928
2658
161
8093
7224
1480
5656
7139
997
8227
4668
373
5534
6627
6472
4095
5451
487
3627
2501
8381
674
6779
4069
3618
473
8978
4562
4582
9885
5892
9696
1957
8248
4810
3868
9660
8663
8322
7146
1001
8520
2185
4963
1653
5254
4063
9292
3763
2245
481
8709
1532
2615
4872
7804
2094
2652
6259
2231
4909
9784
4850
9456
5732
1378
219
977
6535
5573
8948
3424
84
5862
5474
4654
9561
6434
2071
8983
3616
4816
3686
6080
4714
6662
1607
5238
3586
2318
4887
6318
8123
3272
2916
8925
6941
1140
6718
9536
8951
8430
9561
3881
4744
3666
772
8909
8496
9699
1331
5235
9434
3863
4093
226
5684
4814
3564
233
4414
368
4583
6668
1707
7442
3454
6293
4675
7056
6964
6204
8495
6391
8302
860
4545
799
976
3932
2621
1556
7222
2972
6160
7007
2114
1411
3593
7878
2822
8350
1569
645
1355
7531
1968
3936
1052
9920
9883
7963
1056
555
5692
4629
8455
916
4678
58
2106
6396
1994
8092
8128
7135
3222
9204
7695
6538
1863
7294
2842
7595
144
8736
5240
7137
426
3380
4434
4170
8604
4205
1974
4758
486
3320
398
6326
4524
8694
2470
9700
4134
6781
5352
5429
1135
7906
2448
9
8385
4703
9071
462
7060
225
1453
949
8725
3875
3577
996
2933
6420
1138
4292
2571
2907
4907
4406
521
8594
4825
7273
7648
6012
7337
9504
2119
256
126
732
8888
8813
9883
890
7778
3530
5061
5229
7948
3458
733
792
6796
4686
3208
490
4061
454
2676
4891
2019
10
2264
9609
9420
6760
3619
7278
6823
4072
3339
7178
4805
138
9815
1522
4787
6308
2755
6960
812
5916
5326
7837
9725
4099
8194
4385
2724
1304
8619
7292
6461
8583
9744
1221
8118
2132
727
7769
8309
8969
5729
5043
1104
2541
8466
885
7631
2864
9319
8894
8779
117
3209
8035
6993
4174
9339
7035
2325
4651
7251
8221
8965
1151
1564
8210
5466
2196
9745
419
2082
6798
3720
6116
4680
8507
9755
1379
7448
3029
9952
8782
8107
3268
2502
6436
964
2104
5324
3271
5409
4118
458
6414
7556
355
6504
7254
3839
9990
6130
4609
815
2105
6530
2235
3213
8549
3252
7068
976
5111
575
3282
6183
7760
3038
7585
3806
8415
9019
8538
3502
1846
9438
4760
959
2467
8784
284
7964
296
7495
7036
3682
9206
6589
7764
3672
407
2026
2716
1804
7573
4274
4245
3540
3948
4826
168
4553
5461
4190
1707
9871
1022
3693
9617
1310
7471
7457
8691
9056
3436
4124
9201
4679
466
2536
8154
4882
3646
7352
2622
5156
2119
9676
1756
2277
9471
9810
6282
2091
3350
2535
2067
7695
8229
425
8856
5358
9097
1147
9522
2727
8287
602
7328
6861
6593
8557
2832
9446
8155
9606
6384
7772
1618
5458
6524
3207
398
6844
6461
8053
1659
1442
7620
552
5508
8436
9254
1012
8418
1161
6956
5170
8341
8703
1573
4512
2717
3914
6476
6186
6788
8021
9561
5204
9687
4367
3946
2194
3352
176
7100
6368
1521
7825
550
5943
9112
491
2199
6869
7363
2806
9068
1889
9550
8244
4590
2149
4830
5826
4466
1254
9987
2233
1714
4421
1530
7192
4161
8555
9847
9441
6449
6153
6478
4268
707
5673
1959
343
6596
9882
6010
3439
6853
6289
9632
3371
5329
1142
5540
5188
8641
4120
1134
489
79
207
7897
7980
8258
6142
1847
2683
7110
7835
1849
8310
174
1503
2370
3801
7687
1372
6503
2074
3176
4668
7465
8177
2490
1825
5486
6833
7582
331
319
159
6873
7526
4233
9253
7596
6136
3707
7836
2845
5989
8163
7289
3129
3042
6561
5173
1224
9904
5898
8836
4010
7715
2035
880
8903
6262
3318
9797
2235
653
1224
2191
5511
1984
468
4833
4120
6861
5233
6759
5881
3714
7272
5769
4913
3329
3550
3535
6672
3432
9170
2944
5919
3128
5379
8314
9635
4959
678
2898
9024
7700
304
7427
5400
67
1135
3586
6020
7323
5677
9890
1852
4007
8217
4000
2746
1619
9308
5651
3018
9670
7236
7911
4013
214
838
3164
9208
5147
5291
9581
550
2810
2200
3188
8817
2554
9536
8208
3683
6289
3246
7920
7152
6537
3768
4618
4750
5428
2932
2102
3099
2753
5188
8187
4888
3577
3862
3928
6761
1535
1508
9463
58
1120
3498
7435
6055
5013
9592
5067
6726
1006
2259
5979
5134
4273
643
9580
7420
9574
2346
3054
1400
6140
8680
6108
3270
2534
9215
4755
5656
6691
9263
2124
9914
2015
9569
2472
9024
2527
5012
7008
3996
3722
5149
6466
3693
8744
2338
7664
159
4179
4027
4758
1196
1597
9824
5060
8234
6457
7491
466
9821
968
9600
9379
7709
8621
899
1803
49
2786
8487
6328
4740
7998
4732
1599
2975
8756
4366
9852
828
1402
4294
3957
5011
9293
1376
685
7310
717
2879
1057
2715
1484
2053
4654
5061
6878
1882
3445
4812
2645
5281
579
8982
1306
3202
4457
2634
7648
9404
5121
4684
8233
5504
5585
3161
5696
4987
1803
7087
313
1541
4692
1763
1496
2298
1948
1869
8229
2602
8815
8072
8024
1159
4596
7969
7036
8342
4587
9619
8827
4831
4065
3127
44
7316
864
1377
8219
8722
8340
8562
7057
3286
3744
3320
6293
5284
8226
9233
605
7102
3523
3937
226
13
6130
448
5417
2092
7657
1277
1603
6839
6546
8699
6611
4927
7273
3390
8914
5178
9091
1871
2422
6796
1788
6255
7780
7733
893
3818
4714
9798
6075
1191
5160
8948
8417
3266
2777
2092
575
4910
4572
1433
5653
6636
8480
8623
1012
7915
802
6824
576
1674
1012
1882
2020
3834
4285
7362
4392
6747
1136
1279
4228
3089
5443
8344
1516
5819
2026
2755
3825
4305
158
9318
3611
6525
6276
8402
5108
8333
3577
6849
2783
1322
761
7682
5846
164
9967
9925
8831
4186
316
624
336
1885
1860
7716
202
2285
7724
1325
9707
6214
9337
4743
6428
7453
2379
316
9668
8159
6740
4431
6346
6803
7051
8387
813
9487
1068
6486
4439
3984
8587
503
9620
629
5470
2011
9161
1001
4384
9635
9417
2054
9625
5474
2369
1970
7753
4328
9373
7318
8040
3307
6036
9711
7026
8325
4030
1416
830
411
1999
9192
4785
7941
5203
171
6235
1875
8327
9682
8523
1485
6082
131
1523
9028
6329
2412
8297
5981
7527
7002
9624
286
3412
8706
8203
5030
5578
2788
772
4540
856
6888
2679
1375
1751
1053
2350
793
4924
5593
4846
6937
5743
2311
5909
2818
9919
8228
9453
2272
9173
9765
606
8146
2904
6943
4312
7365
4301
5828
110
9838
7565
550
5938
7913
1793
6266
3084
2307
6505
5806
9962
2674
6800
5959
1184
9951
6246
4468
9718
4880
4566
7102
4034
3081
7736
6295
7388
6608
4019
4556
3373
2253
8905
9245
2217
9241
9333
2279
4036
281
411
1225
8718
5796
3496
559
7882
9965
9132
1629
9669
3554
952
7137
6016
6179
1296
3862
1603
1011
2577
603
4760
5620
9003
4184
4115
8080
7093
7945
7849
2577
7678
1137
7702
2975
1253
5640
1636
7573
2430
5773
9738
726
9917
8527
8834
2170
8964
7540
5565
5391
7132
8875
8626
8725
3306
152
4024
2497
1096
5201
8588
1322
8246
1509
1278
7039
4289
2328
894
9190
7602
1329
2785
4575
3756
2527
778
8955
6989
3298
9644
140
9179
1875
339
1647
4979
5233
6977
5772
9362
6571
5659
2358
6801
2509
2748
210
6263
8536
2857
1179
8724
2062
4180
2429
9856
3846
1180
213
9778
1098
1954
5112
8944
1921
6128
7315
8182
6897
4095
556
1824
9128
4863
7118
1783
7693
8643
7142
1193
1201
5908
4228
7485
9502
5291
8410
9153
7187
4810
9478
9368
9819
4860
2689
8368
223
5289
9318
7191
3354
7703
8684
6090
716
8948
7405
3118
7728
9596
8091
2249
7070
4748
191
377
1634
5504
9106
3749
738
6180
7142
13
5861
1741
575
5384
5862
3242
6074
9956
4653
7683
6672
3192
4458
3181
5866
4186
8347
2208
7424
8864
7379
6482
4727
3394
2905
1582
8910
9021
6604
1727
5773
8965
1092
8996
5072
6152
7385
7865
5745
4360
250
2123
2041
538
7972
9334
9475
2403
2542
4520
6576
6025
1208
7551
5617
2229
8259
4152
9500
5647
9412
1595
624
3376
7128
8013
2480
842
6057
2043
1604
6599
4608
3118
8684
2496
927
8038
8867
3100
2423
9109
7160
4134
7607
6918
4836
481
7407
4587
9278
5459
1608
4628
7790
3255
2154
8848
9483
9233
8137
9656
9212
9497
4651
6655
6650
2472
2943
245
1303
8905
94
83
6899
8904
6642
7235
8331
9333
6290
7848
3357
9041
6363
7189
8991
8004
1982
9554
1539
3238
463
1375
4875
3816
1798
4639
8821
2759
7070
2691
9728
1725
1138
2819
5785
2927
1764
1155
9086
4636
5303
7455
1844
2859
647
2894
672
6922
7017
6244
3368
7857
3300
8011
8433
4450
2651
6815
9967
2836
3868
3787
2272
2966
8883
7875
2202
2778
6988
3325
7357
9353
2351
3227
512
7697
3893
5274
276
6960
5392
2833
196
1094
1226
3161
8005
4507
7294
134
9068
2765
5293
7724
4356
4549
1819
7710
8779
4005
618
2954
7997
3443
7680
8906
2565
2722
1770
6630
5856
459
1917
7022
5399
4535
9000
6322
267
105
1012
3966
4508
5920
3027
3678
6082
8567
1661
6186
2306
1885
652
2674
8238
6625
2047
2547
1393
7339
823
3244
3415
2075
7084
2793
2317
9983
3549
4922
5423
6366
6708
3752
8456
8161
6734
6781
7350
4307
5144
163
9350
9809
4456
6612
9803
9565
5060
3267
8753
9913
9591
447
7689
9335
1361
639
1228
7819
8222
4466
9438
4524
1402
4717
7606
4745
6863
4569
5959
6779
404
2700
1676
4784
5804
751
182
9693
4862
8611
5243
8705
2581
8321
4503
276
9883
202
1352
6334
6858
2167
8909
8058
1473
5463
7734
4201
6909
5438
7097
9424
5572
6533
7800
9183
2618
5171
5993
9817
6095
1569
2612
2645
8376
4600
5847
169
3002
3164
7317
8259
7572
8697
8746
3800
9074
1337
1905
5498
927
3007
8906
9330
4453
7450
6002
8570
2093
1792
4726
2391
8044
4943
2028
8717
1797
5863
192
4491
2127
6457
5869
9734
4004
2162
4620
3531
8109
7870
7631
7811
597
2758
3702
8568
3848
6637
7788
4916
3312
6360
6710
7899
8940
6528
7702
6936
7109
1983
7495
7043
4758
8019
2966
9232
8160
4803
9983
8455
1612
1227
9905
2030
9912
92
8505
5325
8695
1904
494
786
5872
9271
2894
8856
933
7525
693
862
1845
1160
8054
6740
4816
9199
7
1795
696
7685
8443
915
6871
3930
5868
4717
8407
419
627
7770
1972
5397
868
3691
9250
242
3818
4047
1496
8901
5717
8225
7422
2127
4905
825
4085
5012
988
1448
7029
8992
2960
1602
3379
2210
3267
9056
6709
7531
4321
796
1220
5830
9068
7289
7444
8717
6000
7651
5977
6283
6222
3644
9686
8995
4515
4014
8943
6692
5064
572
1828
24
7641
4739
1797
7853
2191
701
6875
2587
7976
9807
6584
9591
6970
4654
5664
5672
1519
9423
6489
3334
3021
1464
7121
6083
8391
9143
9382
5547
6793
2371
4148
5485
6295
6647
7502
7826
439
1926
2314
8205
7942
2823
5628
4195
917
1564
4691
3037
6235
772
8350
2197
5225
6181
6904
4184
3761
3855
7410
3460
2010
819
190
7823
2725
8065
6027
9690
4328
7585
9599
529
3730
9522
3139
2588
4819
5258
7974
9846
5250
4017
5680
4310
9022
1151
4579
8787
7533
2561
1987
810
8636
7974
4402
1383
9165
6598
1980
2951
3971
4473
7355
2241
2973
3272
7287
1703
4626
565
8776
8231
5520
5726
5078
363
8630
9178
541
4506
3564
8061
5963
3900
1067
1928
2866
7142
3846
2008
6533
1824
2943
1612
1425
8526
6255
7943
1611
3746
3295
9173
3984
6919
7114
7379
5822
889
6245
8823
1416
3033
695
3596
5903
3820
5283
8531
397
6872
3250
9494
4397
8685
4843
2160
9985
1307
2074
6843
777
1771
7656
3207
6632
1022
8070
9054
4555
3100
6679
7110
9952
1117
3264
2038
3202
5158
3064
1068
5110
3675
8100
6540
6790
8521
7966
709
9149
9811
4668
4076
9937
8623
8023
3902
7709
8278
8395
3341
9886
2394
7169
876
1585
4405
3187
2567
7575
5023
6141
6530
6327
6960
6848
462
6819
3423
1219
6015
882
8556
4051
1431
3413
1738
260
3257
3708
664
7642
8275
4872
7608
1994
1735
3826
9371
5613
3213
6759
7867
9186
7446
873
2699
7501
9491
6106
6026
7823
6707
3098
7306
3953
9742
8978
9553
1389
515
2801
650
6264
1231
6401
7233
73
420
83
4927
3361
5310
1592
2795
1356
1762
8958
5314
2605
3252
5120
2782
4996
6471
9005
6808
2201
7653
5967
9632
597
8151
720
4481
2027
7464
9540
6379
7888
2544
9337
9367
5270
1985
1001
2984
1711
5272
8884
7562
9928
2146
9201
2881
9508
2893
4899
2871
8336
2995
1977
551
8762
1537
2141
1596
5686
9939
5808
9107
1061
5948
5843
8324
8608
7677
8172
4603
3500
771
2003
5511
4868
9999
9988
4751
7186
9886
7343
9684
2806
6145
1107
5296
8006
7472
2633
7999
8885
5101
4815
8996
4541
5970
981
4474
2949
1296
7757
160
3969
833
9141
4513
7792
6636
5098
430
5422
528
4707
8578
6193
2134
9393
5746
4756
2138
8438
1895
1824
2849
778
4065
4985
1065
2798
7701
9413
7372
4328
3274
3044
8833
7305
8440
7335
8119
3236
6604
2380
1127
2044
5528
9769
4096
9356
3699
1032
4967
7925
5907
7737
6644
5450
7173
473
6152
5295
180
8738
2756
5992
9132
6421
8667
9973
6451
9362
582
9950
4731
1905
820
7678
8859
8041
1143
4926
6588
4480
9531
2331
409
8899
741
6999
1634
9240
2891
9335
7564
6472
1913
8119
8954
7480
3662
7003
1337
6647
8317
2262
8571
9019
5516
9306
1916
9980
6227
6346
8736
6614
111
9758
7794
6065
5841
6037
1614
8035
5510
1782
6771
3620
3975
5008
785
5717
3223
5729
9138
4190
2488
3727
7958
8768
4365
4706
9792
329
8394
3603
930
9677
2938
1996
3938
2131
8237
6268
3291
4092
8758
8041
4451
7111
4089
9265
3458
5933
1000
1143
9598
6036
2093
627
3513
3910
9955
188
5296
5005
8422
9233
5580
5176
6137
1169
6600
8663
8792
8834
7855
9276
7840
9400
8719
8553
5649
5248
3205
3646
7494
4618
3818
9966
1854
1152
1402
4508
5884
8070
1095
3933
3551
7512
2798
6398
2769
4114
4559
8767
5131
4572
4732
6406
1005
1801
2184
7529
1481
8315
5364
9794
8483
9194
5373
691
8717
6612
2127
1703
2983
505
8634
1068
4977
3603
9102
1395
6292
236
871
129
5885
7671
695
4783
4062
6549
3734
1943
6805
8723
3775
1650
6787
8874
8666
2098
6272
9608
8202
655
8729
460
9519
6961
3690
6642
5116
9384
8907
4235
3402
5537
5284
6292
2019
2511
3786
5013
2799
1128
1414
1777
7674
2373
1223
9275
4033
3914
9841
3864
7002
4745
3122
455
700
7663
4753
1060
5523
3368
8685
7169
7148
2233
1778
3561
1747
2471
527
8396
7558
7718
2554
1396
9171
7130
7889
9741
8168
3986
7322
6598
1930
2660
5723
8808
5630
5250
1143
3872
810
3909
2094
4805
4616
8676
7711
9233
3550
4991
6598
386
830
9999
2347
9779
6258
8551
2243
4454
9773
7070
1766
9416
381
2455
2221
4313
735
6081
9838
7006
9207
3784
7494
8926
9330
7691
1602
4473
8673
2724
4894
344
52
5893
2030
