9999
9997
9997
9997
9995
9995
9993
9993
9992
9991
9990
9990
9989
9987
9985
9985
9984
9984
9981
9979
9974
9974
9974
9973
9969
9968
9965
9964
9964
9963
9962
9961
9960
9960
9960
9959
9957
9957
9957
9954
9953
9951
9951
9951
9948
9947
9946
9946
9945
9945
9944
9941
9940
9940
9939
9938
9934
9933
9933
9931
9931
9931
9929
9928
9927
9925
9923
9923
9922
9921
9921
9918
9917
9917
9915
9915
9914
9913
9913
9912
9911
9911
9909
9907
9907
9906
9905
9904
9903
9902
9900
9900
9899
9898
9898
9898
9898
9897
9894
9894
9894
9892
9892
9888
9888
9886
9886
9886
9886
9880
9876
9876
9874
9874
9873
9872
9872
9871
9869
9869
9869
9869
9868
9867
9866
9866
9864
9864
9863
9862
9860
9859
9859
9857
9856
9855
9855
9854
9854
9853
9850
9849
9848
9848
9846
9846
9845
9843
9843
9843
9842
9842
9841
9839
9839
9838
9837
9836
9835
9834
9832
9832
9832
9832
9832
9831
9831
9830
9830
9829
9825
9825
9824
9823
9823
9823
9821
9821
9820
9820
9819
9819
9819
9819
9818
9817
9814
9812
9811
9810
9810
9810
9810
9809
9807
9804
9803
9803
9803
9803
9801
9799
9797
9797
9796
9795
9794
9794
9794
9793
9793
9792
9791
9791
9791
9790
9790
9790
9789
9789
9789
9787
9786
9785
9784
9782
9782
9781
9781
9780
9779
9779
9775
9775
9772
9772
9771
9771
9769
9768
9766
9764
9762
9762
9760
9758
9757
9757
9754
9752
9752
9750
9747
9747
9745
9745
9744
9742
9742
9740
9739
9739
9737
9737
9736
9736
9736
9735
9735
9733
9733
9730
9726
9725
9725
9724
9724
9724
9722
9721
9721
9720
9720
9719
9719
9719
9718
9718
9717
9715
9715
9714
9714
9714
9713
9713
9711
9708
9708
9708
9707
9706
9706
9704
9703
9702
9702
9701
9699
9698
9697
9696
9694
9692
9692
9689
9689
9687
9685
9685
9683
9682
9681
9681
9678
9673
9672
9671
9671
9669
9669
9668
9668
9668
9667
9667
9666
9666
9665
9665
9665
9664
9664
9664
9663
9663
9662
9659
9657
9657
9657
9655
9653
9653
9652
9651
9650
9649
9647
9645
9645
9645
9645
9643
9643
9642
9642
9640
9640
9637
9637
9637
9636
9635
9632
9631
9630
9629
9629
9629
9628
9628
9626
9624
9624
9623
9622
9621
9621
9619
9619
9617
9615
9614
9614
9613
9612
9611
9611
9609
9608
9607
9607
9606
9606
9605
9605
9604
9603
9603
9603
9603
9600
9599
9599
9598
9598
9596
9596
9595
9595
9594
9593
9593
9591
9589
9589
9586
9586
9580
9580
9579
9579
9579
9579
9578
9578
9577
9576
9575
9571
9571
9569
9569
9567
9566
9565
9565
9564
9564
9560
9560
9559
9557
9557
9552
9552
9551
9551
9550
9550
9545
9544
9542
9540
9539
9538
9536
9536
9534
9532
9530
9528
9528
9527
9526
9525
9522
9521
9518
9517
9515
9514
9513
9513
9510
9510
9509
9507
9507
9505
9505
9502
9501
9500
9500
9500
9499
9499
9499
9495
9495
9495
9494
9491
9490
9490
9490
9488
9488
9487
9485
9485
9481
9476
9475
9475
9474
9474
9473
9472
9471
9471
9469
9469
9467
9466
9465
9465
9464
9462
9462
9461
9460
9459
9456
9456
9454
9453
9453
9450
9450
9450
9448
9447
9445
9444
9443
9442
9440
9437
9436
9436
9435
9434
9434
9433
9432
9432
9429
9428
9428
9426
9426
9426
9425
9425
9423
9422
9422
9422
9421
9418
9417
9417
9416
9416
9416
9416
9416
9415
9415
9415
9412
9412
9411
9411
9410
9409
9409
9409
9408
9408
9407
9406
9405
9405
9404
9403
9402
9400
9400
9399
9397
9397
9396
9395
9394
9393
9393
9393
9393
9392
9391
9391
9389
9389
9389
9389
9388
9388
9387
9384
9384
9382
9382
9381
9380
9377
9376
9375
9374
9372
9371
9370
9369
9369
9369
9369
9368
9368
9368
9364
9364
9363
9363
9362
9362
9361
9358
9357
9356
9355
9355
9355
9354
9354
9353
9352
9352
9352
9351
9351
9346
9342
9342
9341
9341
9340
9337
9336
9334
9334
9333
9332
9331
9329
9328
9327
9326
9325
9325
9323
9319
9318
9317
9317
9317
9314
9314
9313
9311
9310
9309
9309
9308
9308
9308
9305
9303
9303
9303
9302
9302
9302
9302
9301
9301
9300
9300
9299
9295
9294
9294
9292
9291
9290
9288
9287
9283
9282
9281
9281
9281
9279
9278
9277
9276
9273
9271
9271
9269
9267
9267
9265
9264
9264
9263
9261
9261
9260
9259
9259
9258
9257
9256
9255
9255
9254
9253
9253
9252
9251
9251
9250
9249
9249
9249
9245
9242
9242
9241
9238
9237
9236
9236
9236
9234
9233
9231
9231
9224
9224
9224
9223
9223
9223
9223
9222
9221
9221
9219
9218
9218
9217
9215
9215
9214
9213
9213
9213
9212
9209
9209
9209
9208
9206
9206
9205
9203
9203
9202
9201
9201
9201
9200
9200
9197
9196
9196
9194
9194
9194
9193
9192
9191
9190
9189
9188
9187
9186
9184
9184
9183
9182
9181
9181
9181
9180
9180
9178
9175
9171
9168
9168
9168
9166
9165
9163
9163
9162
9159
9157
9156
9155
9154
9154
9154
9152
9150
9150
9148
9147
9146
9146
9146
9145
9145
9145
9143
9142
9142
9142
9140
9140
9138
9138
9137
9136
9136
9136
9134
9134
9133
9132
9132
9131
9130
9130
9128
9128
9128
9125
9125
9124
9123
9123
9123
9123
9122
9122
9121
9120
9120
9120
9119
9119
9119
9117
9117
9116
9114
9113
9113
9112
9112
9111
9110
9108
9108
9107
9107
9107
9107
9105
9103
9102
9102
9102
9102
9102
9101
9098
9097
9096
9094
9094
9092
9092
9091
9089
9089
9089
9087
9086
9084
9083
9083
9082
9081
9079
9077
9076
9075
9072
9071
9070
9070
9069
9069
9068
9067
9064
9064
9062
9061
9061
9060
9060
9060
9059
9057
9054
9053
9051
9051
9050
9050
9050
9048
9048
9047
9046
9046
9045
9045
9045
9045
9044
9044
9044
9044
9043
9043
9042
9042
9041
9041
9040
9039
9039
9038
9038
9038
9037
9036
9036
9035
9033
9033
9032
9032
9030
9029
9028
9028
9027
9027
9026
9025
9023
9021
9021
9021
9020
9020
9020
9018
9017
9014
9014
9013
9013
9013
9013
9012
9012
9011
9011
9011
9010
9009
9008
9007
9007
9006
9005
9005
9003
9003
9003
9002
9001
9000
9000
8999
8998
8995
8994
8994
8993
8989
8989
8989
8985
8984
8980
8980
8979
8979
8976
8973
8973
8967
8966
8965
8964
8963
8963
8962
8958
8956
8956
8953
8952
8952
8951
8950
8950
8950
8949
8949
8948
8948
8947
8947
8946
8946
8945
8944
8944
8944
8943
8942
8940
8939
8938
8937
8937
8937
8936
8934
8934
8934
8932
8932
8932
8931
8929
8929
8926
8926
8926
8924
8924
8924
8923
8922
8921
8921
8921
8920
8920
8920
8919
8919
8917
8916
8916
8913
8912
8911
8910
8908
8908
8908
8908
8908
8902
8900
8897
8897
8896
8894
8890
8889
8889
8889
8887
8886
8886
8885
8885
8885
8884
8883
8882
8882
8881
8881
8879
8875
8875
8875
8873
8873
8871
8871
8871
8870
8869
8868
8868
8867
8866
8865
8863
8861
8861
8860
8860
8859
8858
8854
8854
8853
8853
8853
8852
8851
8850
8849
8849
8848
8848
8848
8847
8847
8846
8844
8843
8842
8842
8840
8839
8838
8836
8835
8835
8835
8835
8835
8834
8834
8834
8833
8828
8828
8826
8825
8823
8823
8823
8822
8822
8822
8818
8818
8817
8814
8812
8811
8810
8810
8810
8806
8805
8803
8803
8802
8800
8797
8794
8792
8791
8786
8785
8785
8783
8782
8779
8779
8779
8777
8776
8775
8775
8775
8774
8772
8772
8769
8768
8766
8765
8763
8763
8763
8762
8762
8762
8760
8758
8757
8756
8756
8755
8753
8751
8751
8751
8750
8749
8748
8747
8746
8745
8743
8743
8742
8741
8739
8737
8736
8735
8734
8733
8732
8729
8727
8725
8723
8723
8722
8721
8720
8720
8720
8719
8718
8718
8717
8715
8714
8712
8711
8711
8710
8710
8709
8708
8708
8706
8706
8704
8704
8704
8700
8699
8698
8698
8696
8696
8696
8695
8695
8694
8693
8693
8693
8692
8691
8691
8691
8690
8688
8687
8686
8685
8681
8681
8681
8676
8676
8673
8672
8672
8672
8672
8670
8670
8669
8668
8667
8664
8662
8662
8659
8658
8656
8656
8655
8655
8655
8654
8654
8654
8653
8651
8650
8649
8648
8647
8645
8645
8644
8644
8644
8643
8640
8635
8635
8633
8633
8633
8631
8630
8629
8627
8624
8624
8624
8623
8622
8621
8620
8619
8619
8619
8618
8618
8618
8616
8615
8614
8610
8608
8605
8604
8604
8604
8603
8603
8602
8601
8601
8601
8600
8600
8599
8598
8598
8598
8598
8595
8595
8594
8593
8593
8591
8589
8589
8589
8588
8588
8588
8586
8586
8586
8585
8582
8582
8581
8580
8578
8578
8577
8577
8577
8572
8572
8571
8571
8571
8570
8570
8569
8568
8568
8567
8566
8565
8564
8563
8562
8562
8561
8561
8560
8560
8560
8559
8559
8556
8555
8554
8554
8553
8551
8550
8549
8549
8548
8547
8546
8543
8542
8537
8537
8537
8536
8535
8534
8534
8533
8533
8532
8532
8529
8529
8528
8528
8528
8528
8527
8527
8527
8524
8524
8522
8522
8521
8521
8519
8518
8517
8516
8516
8516
8515
8513
8512
8511
8509
8508
8507
8506
8505
8505
8505
8503
8502
8501
8500
8497
8497
8496
8495
8494
8493
8493
8493
8492
8490
8489
8487
8487
8487
8487
8486
8486
8485
8484
8482
8481
8481
8480
8479
8478
8478
8477
8477
8477
8476
8475
8473
8473
8472
8472
8468
8468
8468
8467
8466
8466
8466
8466
8465
8465
8465
8464
8464
8463
8462
8458
8458
8457
8455
8452
8452
8452
8450
8449
8449
8448
8448
8444
8444
8444
8443
8443
8442
8440
8439
8438
8438
8436
8436
8432
8431
8428
8426
8423
8420
8418
8416
8415
8415
8413
8410
8407
8407
8407
8406
8405
8402
8402
8401
8401
8401
8400
8399
8399
8399
8399
8397
8396
8395
8394
8393
8392
8392
8392
8391
8389
8388
8385
8385
8384
8384
8383
8383
8383
8378
8377
8375
8375
8373
8371
8371
8371
8369
8368
8368
8368
8367
8367
8366
8362
8362
8360
8359
8359
8359
8357
8356
8356
8354
8352
8352
8351
8349
8347
8346
8345
8343
8343
8343
8343
8342
8342
8341
8341
8338
8338
8338
8338
8337
8335
8333
8333
8332
8332
8332
8331
8331
8331
8330
8329
8328
8328
8327
8325
8325
8324
8322
8320
8319
8318
8317
8316
8315
8315
8314
8311
8310
8310
8307
8307
8306
8304
8302
8299
8298
8296
8291
8291
8289
8285
8285
8284
8280
8278
8278
8274
8274
8274
8273
8273
8271
8271
8271
8271
8269
8268
8267
8266
8266
8262
8262
8262
8262
8262
8261
8261
8260
8257
8255
8254
8253
8253
8253
8253
8251
8251
8249
8248
8245
8244
8243
8242
8242
8241
8241
8239
8239
8238
8237
8237
8235
8235
8235
8235
8233
8226
8226
8225
8225
8224
8224
8224
8222
8221
8221
8220
8219
8219
8219
8219
8218
8217
8217
8216
8215
8215
8212
8211
8210
8210
8210
8210
8206
8205
8204
8203
8202
8200
8200
8200
8199
8198
8198
8198
8197
8196
8196
8193
8192
8192
8190
8189
8189
8189
8189
8188
8188
8186
8185
8185
8182
8176
8175
8175
8174
8173
8172
8171
8171
8171
8168
8168
8167
8167
8164
8164
8164
8163
8162
8162
8161
8158
8157
8155
8152
8151
8149
8147
8147
8146
8145
8144
8144
8143
8142
8141
8141
8141
8140
8139
8139
8137
8137
8134
8133
8131
8130
8128
8128
8127
8125
8125
8124
8124
8123
8122
8121
8118
8118
8117
8116
8116
8115
8112
8112
8111
8109
8108
8108
8107
8106
8103
8102
8101
8099
8097
8095
8093
8092
8092
8091
8090
8090
8090
8086
8086
8085
8085
8084
8081
8080
8080
8078
8077
8077
8075
8075
8075
8075
8074
8073
8073
8072
8072
8072
8072
8071
8071
8070
8070
8069
8069
8069
8069
8069
8068
8067
8066
8066
8063
8063
8062
8061
8060
8060
8060
8059
8059
8058
8058
8057
8055
8053
8053
8051
8051
8051
8049
8049
8049
8049
8047
8046
8045
8044
8044
8041
8040
8039
8038
8038
8038
8036
8036
8036
8034
8033
8031
8031
8030
8030
8030
8029
8028
8027
8027
8026
8026
8024
8024
8022
8019
8018
8018
8018
8017
8017
8016
8015
8014
8014
8014
8013
8013
8011
8011
8010
8010
8008
8004
8002
8001
8000
7998
7997
7997
7995
7995
7994
7994
7994
7991
7989
7988
7988
7986
7984
7982
7979
7976
7976
7976
7976
7975
7974
7974
7973
7971
7970
7970
7969
7969
7969
7969
7968
7968
7968
7967
7964
7964
7960
7960
7959
7959
7958
7958
7958
7957
7957
7957
7955
7954
7952
7951
7951
7947
7946
7944
7941
7941
7939
7939
7939
7937
7936
7934
7933
7932
7931
7931
7930
7928
7928
7927
7924
7921
7921
7920
7918
7918
7914
7913
7911
7909
7908
7907
7907
7905
7905
7904
7904
7904
7899
7897
7895
7894
7893
7893
7893
7893
7893
7892
7892
7891
7889
7888
7888
7888
7887
7883
7882
7882
7879
7878
7875
7875
7874
7873
7873
7872
7871
7871
7870
7869
7869
7868
7867
7867
7866
7865
7864
7864
7863
7863
7862
7862
7859
7858
7857
7857
7856
7855
7854
7853
7852
7852
7850
7847
7846
7846
7846
7841
7840
7838
7837
7836
7836
7835
7835
7835
7832
7830
7830
7829
7825
7825
7823
7822
7821
7820
7818
7818
7818
7817
7815
7814
7809
7809
7809
7808
7808
7808
7807
7805
7805
7803
7802
7802
7801
7800
7799
7799
7798
7795
7794
7794
7791
7785
7784
7783
7783
7782
7781
7781
7780
7780
7780
7780
7779
7779
7779
7777
7776
7776
7775
7774
7774
7773
7769
7768
7767
7766
7764
7762
7761
7761
7761
7760
7757
7757
7755
7754
7754
7752
7751
7751
7749
7749
7749
7748
7747
7747
7747
7746
7745
7745
7744
7739
7737
7735
7733
7733
7733
7732
7725
7725
7725
7723
7722
7721
7720
7720
7718
7716
7715
7714
7713
7711
7710
7709
7709
7709
7707
7706
7705
7704
7704
7704
7703
7702
7702
7697
7697
7697
7697
7696
7695
7694
7692
7692
7691
7690
7690
7689
7685
7681
7679
7676
7675
7675
7674
7674
7674
7671
7670
7670
7670
7669
7668
7668
7667
7666
7666
7665
7664
7664
7659
7658
7655
7655
7654
7654
7653
7652
7649
7649
7648
7647
7647
7646
7646
7646
7646
7646
7646
7645
7644
7643
7642
7642
7640
7638
7637
7637
7636
7634
7634
7634
7633
7629
7626
7625
7625
7623
7623
7622
7622
7621
7621
7620
7619
7615
7615
7614
7614
7613
7610
7609
7608
7608
7607
7607
7605
7605
7604
7604
7602
7602
7601
7601
7599
7598
7598
7597
7597
7597
7597
7596
7596
7595
7593
7592
7591
7590
7590
7588
7588
7587
7587
7586
7585
7585
7584
7582
7581
7579
7578
7578
7578
7576
7574
7574
7572
7572
7571
7570
7570
7568
7567
7567
7567
7567
7565
7565
7564
7561
7561
7560
7560
7559
7558
7558
7558
7557
7557
7556
7553
7552
7551
7551
7548
7547
7542
7542
7540
7539
7538
7538
7536
7536
7533
7533
7532
7528
7527
7527
7526
7524
7524
7523
7523
7521
7521
7520
7520
7518
7516
7515
7515
7513
7513
7513
7511
7510
7510
7510
7506
7503
7503
7502
7501
7500
7500
7499
7498
7498
7497
7494
7494
7494
7494
7494
7493
7493
7490
7490
7489
7489
7488
7487
7487
7487
7486
7485
7485
7484
7484
7481
7480
7478
7476
7474
7474
7473
7470
7470
7469
7469
7468
7468
7467
7466
7465
7464
7461
7460
7459
7459
7457
7457
7456
7456
7455
7455
7452
7452
7451
7450
7450
7450
7450
7449
7449
7449
7447
7446
7446
7446
7446
7445
7442
7442
7441
7439
7439
7436
7435
7435
7432
7432
7432
7432
7428
7427
7427
7426
7423
7423
7421
7421
7421
7420
7419
7417
7417
7415
7413
7412
7412
7411
7411
7410
7409
7408
7407
7407
7406
7405
7403
7403
7403
7402
7401
7400
7400
7399
7399
7399
7398
7397
7396
7396
7395
7393
7391
7388
7388
7387
7387
7387
7386
7386
7385
7385
7384
7382
7382
7380
7379
7379
7379
7378
7376
7375
7375
7374
7373
7372
7368
7367
7367
7366
7365
7363
7363
7363
7362
7362
7361
7359
7359
7357
7357
7357
7354
7354
7353
7353
7351
7349
7349
7348
7346
7345
7344
7343
7342
7340
7340
7339
7338
7336
7335
7334
7334
7333
7332
7330
7326
7324
7324
7324
7322
7321
7319
7318
7318
7317
7316
7315
7311
7310
7309
7307
7306
7305
7304
7304
7304
7301
7300
7299
7297
7296
7296
7294
7294
7293
7293
7293
7292
7292
7292
7292
7291
7291
7291
7289
7287
7285
7284
7283
7282
7281
7280
7279
7279
7278
7277
7277
7277
7276
7276
7276
7276
7275
7275
7273
7272
7270
7269
7269
7267
7262
7262
7262
7261
7260
7260
7259
7259
7258
7257
7257
7256
7256
7255
7255
7254
7253
7253
7252
7252
7250
7249
7248
7246
7243
7242
7240
7240
7239
7239
7238
7237
7236
7235
7234
7234
7231
7231
7229
7227
7226
7226
7226
7225
7225
7225
7223
7222
7220
7215
7215
7213
7213
7212
7212
7212
7212
7210
7210
7209
7209
7206
7206
7202
7201
7199
7197
7197
7197
7196
7196
7196
7194
7194
7192
7192
7192
7191
7190
7190
7189
7188
7187
7186
7185
7184
7184
7183
7181
7181
7180
7180
7178
7178
7177
7177
7174
7173
7172
7170
7170
7168
7168
7167
7165
7164
7164
7163
7163
7162
7162
7161
7161
7161
7160
7158
7157
7156
7155
7154
7152
7151
7151
7151
7150
7149
7148
7148
7146
7146
7142
7142
7142
7141
7140
7138
7138
7137
7137
7133
7133
7133
7130
7129
7128
7126
7126
7126
7125
7125
7125
7122
7121
7120
7120
7118
7116
7114
7113
7113
7112
7110
7107
7106
7106
7103
7102
7102
7101
7099
7099
7099
7098
7097
7097
7097
7096
7096
7095
7094
7094
7092
7092
7089
7088
7088
7087
7087
7086
7084
7083
7083
7081
7079
7078
7076
7076
7073
7071
7070
7069
7069
7069
7068
7067
7065
7063
7063
7062
7060
7059
7058
7057
7057
7055
7053
7053
7052
7051
7049
7048
7047
7046
7044
7043
7043
7041
7041
7039
7038
7038
7037
7035
7035
7034
7033
7032
7030
7030
7030
7029
7027
7027
7027
7025
7024
7023
7020
7019
7019
7018
7018
7018
7018
7016
7016
7015
7014
7012
7012
7011
7009
7007
7007
7007
7007
7005
7004
7002
7000
7000
7000
6999
6999
6998
6994
6993
6992
6992
6989
6986
6985
6985
6984
6983
6983
6982
6980
6979
6978
6976
6975
6975
6973
6973
6972
6972
6971
6970
6970
6968
6967
6966
6965
6965
6965
6964
6963
6962
6962
6961
6960
6959
6958
6957
6957
6954
6952
6950
6949
6948
6948
6947
6947
6945
6945
6943
6943
6942
6942
6942
6941
6939
6938
6938
6936
6936
6933
6933
6932
6932
6930
6930
6929
6927
6926
6923
6922
6921
6920
6920
6920
6918
6918
6914
6914
6913
6911
6910
6909
6908
6908
6907
6907
6906
6904
6904
6902
6901
6899
6897
6897
6896
6896
6896
6896
6895
6894
6893
6892
6892
6891
6890
6890
6889
6888
6885
6885
6881
6881
6881
6880
6878
6878
6875
6871
6871
6868
6868
6867
6866
6865
6864
6863
6863
6863
6860
6853
6853
6853
6851
6850
6850
6849
6849
6848
6844
6843
6842
6842
6842
6841
6840
6835
6835
6834
6834
6833
6832
6830
6829
6828
6828
6827
6826
6824
6824
6823
6823
6821
6820
6817
6817
6815
6814
6813
6812
6811
6810
6810
6810
6809
6809
6808
6808
6807
6807
6805
6804
6804
6803
6802
6801
6801
6800
6799
6798
6797
6797
6795
6795
6794
6793
6791
6790
6789
6788
6787
6784
6783
6782
6780
6779
6779
6779
6778
6772
6772
6772
6771
6771
6769
6768
6768
6766
6766
6766
6765
6761
6760
6760
6760
6759
6759
6758
6755
6755
6754
6753
6752
6750
6750
6749
6747
6745
6745
6742
6741
6741
6740
6740
6738
6737
6737
6736
6736
6735
6734
6734
6732
6731
6730
6729
6728
6726
6726
6724
6724
6724
6720
6719
6719
6718
6717
6717
6717
6716
6716
6715
6714
6713
6711
6709
6709
6708
6708
6708
6707
6707
6706
6705
6705
6705
6705
6704
6704
6704
6704
6703
6702
6701
6700
6700
6699
6699
6698
6697
6696
6696
6694
6692
6691
6689
6689
6689
6688
6688
6688
6686
6685
6685
6684
6683
6682
6680
6676
6675
6674
6674
6672
6672
6671
6671
6669
6666
6665
6665
6664
6663
6662
6662
6661
6661
6661
6660
6660
6658
6658
6654
6652
6652
6652
6651
6651
6650
6647
6643
6642
6640
6639
6637
6637
6636
6635
6632
6632
6632
6631
6631
6631
6630
6630
6627
6626
6625
6625
6625
6625
6623
6622
6621
6621
6620
6620
6619
6619
6616
6616
6616
6614
6613
6612
6610
6608
6607
6605
6605
6604
6603
6603
6603
6599
6598
6596
6596
6595
6593
6591
6590
6589
6587
6585
6585
6585
6583
6581
6581
6581
6579
6577
6576
6574
6573
6572
6572
6571
6571
6571
6570
6567
6567
6566
6566
6565
6565
6565
6564
6563
6563
6562
6560
6560
6557
6556
6553
6553
6552
6552
6551
6551
6550
6548
6547
6544
6543
6543
6539
6539
6539
6538
6537
6536
6536
6535
6535
6535
6534
6532
6530
6529
6529
6529
6528
6527
6526
6526
6518
6517
6516
6514
6512
6512
6508
6507
6507
6506
6505
6505
6504
6504
6503
6501
6501
6501
6500
6499
6499
6499
6499
6497
6495
6494
6493
6492
6491
6490
6490
6490
6488
6486
6485
6484
6484
6483
6482
6481
6481
6480
6480
6479
6479
6478
6476
6475
6474
6471
6470
6469
6468
6466
6466
6465
6462
6462
6462
6461
6461
6460
6458
6457
6457
6454
6452
6450
6446
6446
6445
6445
6445
6445
6443
6442
6441
6440
6438
6438
6438
6438
6437
6437
6437
6434
6433
6432
6429
6429
6428
6425
6425
6425
6425
6424
6422
6420
6419
6419
6417
6417
6416
6415
6414
6413
6413
6413
6412
6412
6411
6410
6410
6408
6406
6402
6400
6399
6399
6398
6398
6396
6396
6396
6395
6395
6395
6394
6393
6392
6391
6389
6388
6388
6387
6387
6387
6386
6384
6383
6382
6381
6381
6381
6380
6380
6377
6375
6375
6374
6374
6373
6373
6372
6372
6369
6369
6369
6367
6367
6366
6365
6365
6365
6364
6363
6361
6361
6360
6358
6358
6358
6358
6356
6356
6356
6355
6354
6354
6354
6353
6353
6352
6352
6352
6350
6350
6349
6348
6348
6345
6344
6343
6342
6342
6338
6337
6337
6337
6336
6336
6335
6332
6332
6331
6330
6329
6328
6327
6327
6326
6325
6325
6325
6324
6323
6322
6321
6316
6316
6316
6314
6314
6313
6313
6312
6311
6311
6310
6309
6309
6309
6306
6306
6306
6305
6305
6304
6303
6302
6302
6301
6298
6298
6296
6295
6295
6294
6293
6292
6291
6291
6289
6289
6288
6288
6287
6287
6285
6284
6284
6283
6283
6283
6281
6281
6280
6278
6278
6276
6276
6276
6275
6275
6273
6272
6272
6269
6267
6267
6266
6265
6264
6262
6262
6261
6260
6260
6258
6258
6255
6255
6255
6254
6254
6254
6253
6252
6252
6252
6248
6248
6247
6246
6246
6245
6244
6244
6244
6241
6238
6238
6237
6237
6233
6232
6229
6228
6227
6227
6226
6226
6226
6225
6225
6222
6222
6222
6221
6221
6221
6219
6218
6218
6216
6216
6215
6210
6209
6208
6208
6208
6208
6207
6205
6205
6204
6204
6199
6196
6196
6195
6195
6193
6192
6191
6191
6188
6188
6187
6185
6184
6184
6184
6182
6181
6180
6180
6175
6175
6174
6173
6173
6167
6165
6164
6164
6163
6162
6162
6160
6159
6158
6157
6154
6154
6153
6153
6148
6147
6147
6145
6145
6145
6145
6144
6144
6144
6144
6142
6142
6141
6140
6140
6139
6139
6139
6138
6137
6137
6136
6132
6132
6129
6128
6126
6126
6125
6125
6123
6122
6122
6122
6120
6119
6118
6115
6114
6114
6113
6112
6111
6111
6111
6109
6109
6108
6107
6107
6106
6102
6102
6100
6099
6097
6097
6094
6094
6094
6094
6093
6093
6093
6092
6092
6091
6091
6090
6090
6086
6086
6084
6083
6083
6082
6079
6079
6077
6075
6074
6070
6067
6064
6064
6064
6061
6056
6055
6053
6049
6048
6047
6046
6045
6042
6042
6042
6040
6040
6040
6038
6037
6037
6033
6033
6032
6032
6032
6031
6029
6029
6028
6028
6027
6026
6025
6025
6023
6023
6022
6021
6021
6020
6020
6019
6019
6018
6017
6017
6015
6014
6014
6014
6012
6009
6009
6009
6009
6009
6006
6005
6005
6003
6000
5999
5998
5995
5995
5994
5993
5993
5992
5991
5987
5985
5984
5984
5981
5980
5979
5978
5977
5977
5975
5974
5974
5971
5971
5970
5970
5970
5970
5968
5968
5968
5967
5966
5966
5965
5964
5964
5964
5963
5963
5962
5962
5962
5961
5960
5959
5958
5957
5956
5955
5955
5953
5952
5952
5952
5951
5948
5947
5947
5947
5945
5944
5943
5940
5939
5939
5939
5937
5937
5934
5934
5934
5933
5933
5932
5930
5928
5928
5926
5925
5924
5923
5921
5917
5915
5915
5914
5909
5908
5907
5906
5906
5905
5905
5903
5902
5901
5901
5897
5896
5895
5894
5893
5892
5892
5892
5891
5891
5889
5889
5889
5889
5888
5884
5883
5881
5881
5881
5879
5879
5878
5877
5876
5875
5875
5874
5873
5871
5870
5870
5870
5868
5868
5867
5864
5864
5863
5862
5861
5861
5861
5859
5859
5859
5858
5857
5857
5857
5856
5855
5854
5854
5853
5853
5853
5853
5852
5852
5851
5850
5850
5850
5849
5848
5848
5844
5844
5844
5842
5842
5841
5838
5834
5832
5828
5827
5827
5826
5825
5824
5824
5821
5815
5815
5814
5814
5812
5812
5809
5807
5806
5806
5805
5804
5804
5803
5802
5801
5800
5800
5799
5798
5798
5797
5795
5794
5793
5792
5791
5790
5789
5788
5785
5784
5783
5782
5782
5782
5782
5781
5780
5779
5778
5776
5776
5772
5772
5771
5770
5770
5769
5768
5767
5766
5765
5759
5759
5759
5757
5757
5756
5756
5752
5748
5748
5747
5744
5743
5743
5742
5739
5738
5736
5736
5733
5732
5729
5728
5726
5726
5726
5726
5725
5725
5723
5721
5721
5716
5715
5709
5709
5708
5708
5707
5707
5705
5705
5703
5702
5701
5699
5697
5696
5695
5694
5694
5694
5693
5692
5690
5690
5689
5689
5688
5685
5685
5684
5683
5682
5681
5681
5677
5677
5676
5673
5673
5668
5668
5667
5667
5666
5666
5665
5665
5664
5663
5663
5663
5663
5663
5662
5659
5659
5655
5654
5654
5653
5653
5652
5650
5650
5648
5648
5648
5647
5647
5647
5646
5644
5644
5643
5643
5641
5640
5639
5639
5637
5637
5636
5634
5633
5631
5627
5626
5626
5626
5625
5625
5625
5625
5624
5624
5623
5621
5620
5620
5620
5618
5617
5617
5616
5616
5616
5616
5615
5614
5613
5612
5611
5609
5607
5607
5606
5604
5604
5603
5598
5596
5594
5594
5594
5593
5591
5591
5590
5590
5588
5587
5585
5585
5583
5582
5581
5580
5579
5578
5578
5578
5577
5576
5576
5574
5574
5573
5570
5568
5567
5564
5564
5563
5562
5561
5559
5556
5555
5555
5553
5550
5550
5547
5547
5546
5546
5546
5546
5545
5545
5543
5541
5541
5541
5540
5539
5537
5535
5535
5533
5530
5530
5529
5528
5527
5527
5526
5526
5523
5523
5522
5521
5517
5516
5514
5513
5513
5509
5509
5507
5506
5505
5505
5505
5503
5502
5502
5502
5500
5500
5499
5497
5496
5496
5491
5490
5486
5485
5481
5480
5479
5479
5479
5478
5477
5477
5476
5473
5472
5470
5470
5468
5465
5464
5464
5464
5461
5461
5459
5459
5459
5458
5456
5455
5454
5454
5452
5450
5450
5450
5449
5448
5448
5447
5447
5446
5445
5445
5445
5443
5442
5441
5441
5440
5440
5440
5439
5439
5439
5437
5435
5435
5434
5434
5432
5431
5431
5430
5428
5427
5426
5424
5422
5422
5420
5420
5419
5419
5418
5417
5416
5415
5414
5414
5413
5411
5411
5411
5411
5409
5409
5409
5407
5403
5402
5402
5401
5401
5400
5399
5398
5396
5395
5393
5392
5392
5392
5392
5391
5390
5390
5390
5390
5389
5386
5386
5383
5383
5381
5381
5380
5378
5377
5376
5376
5374
5374
5372
5369
5369
5368
5368
5366
5365
5363
5362
5361
5360
5359
5358
5357
5357
5357
5356
5356
5354
5353
5353
5352
5352
5351
5348
5347
5346
5346
5345
5345
5344
5343
5342
5338
5337
5337
5336
5335
5335
5331
5331
5328
5328
5325
5325
5324
5323
5323
5323
5323
5323
5322
5320
5319
5318
5314
5314
5314
5313
5312
5311
5311
5311
5310
5310
5309
5307
5307
5304
5302
5301
5300
5299
5298
5298
5298
5297
5297
5293
5293
5292
5291
5291
5290
5290
5289
5289
5285
5285
5285
5284
5284
5283
5283
5282
5282
5281
5280
5279
5279
5279
5278
5277
5275
5275
5274
5271
5270
5269
5268
5267
5267
5267
5267
5266
5265
5265
5265
5265
5265
5264
5264
5264
5263
5261
5261
5260
5259
5258
5258
5257
5257
5256
5256
5255
5252
5247
5245
5244
5244
5242
5241
5240
5239
5239
5237
5236
5235
5234
5233
5233
5229
5229
5228
5228
5227
5226
5223
5221
5220
5220
5219
5219
5215
5214
5212
5211
5211
5210
5208
5206
5204
5203
5203
5203
5200
5199
5198
5197
5196
5196
5195
5195
5194
5194
5193
5193
5192
5191
5191
5191
5189
5188
5186
5186
5185
5184
5184
5183
5183
5183
5180
5179
5178
5176
5176
5174
5174
5174
5173
5173
5173
5172
5171
5169
5168
5168
5168
5168
5167
5165
5165
5165
5165
5164
5164
5161
5160
5159
5157
5157
5156
5156
5154
5154
5151
5150
5147
5147
5145
5143
5141
5141
5141
5140
5138
5136
5135
5131
5128
5127
5125
5125
5122
5122
5122
5120
5119
5118
5117
5117
5117
5116
5114
5114
5113
5112
5111
5111
5110
5109
5107
5106
5101
5100
5100
5096
5096
5095
5095
5095
5095
5094
5093
5092
5088
5088
5087
5087
5086
5084
5083
5081
5080
5077
5074
5074
5073
5072
5071
5070
5069
5068
5068
5067
5064
5059
5057
5057
5056
5055
5053
5052
5050
5050
5050
5048
5048
5048
5047
5047
5046
5045
5044
5044
5042
5040
5039
5038
5037
5036
5035
5034
5034
5033
5033
5033
5030
5030
5029
5029
5028
5028
5027
5025
5024
5021
5019
5018
5017
5017
5016
5015
5013
5013
5010
5009
5009
5008
5008
5007
5006
5006
5006
5002
5002
5001
4999
4999
4998
4998
4997
4997
4997
4996
4996
4996
4995
4994
4994
4994
4993
4990
4989
4989
4989
4988
4987
4986
4985
4984
4984
4981
4980
4977
4975
4973
4972
4970
4970
4969
4967
4967
4967
4965
4964
4963
4963
4962
4960
4960
4959
4955
4954
4952
4952
4949
4948
4944
4941
4941
4939
4939
4939
4939
4933
4931
4930
4930
4928
4928
4927
4926
4924
4920
4917
4916
4915
4915
4914
4913
4912
4912
4912
4910
4910
4908
4907
4906
4906
4905
4904
4903
4903
4902
4902
4900
4898
4896
4896
4896
4896
4894
4892
4889
4889
4889
4888
4888
4887
4886
4885
4884
4883
4883
4881
4880
4880
4879
4878
4875
4870
4869
4869
4868
4868
4867
4867
4867
4866
4866
4863
4860
4859
4854
4853
4853
4853
4853
4852
4849
4849
4849
4848
4846
4846
4845
4843
4842
4842
4841
4840
4840
4839
4838
4837
4836
4834
4833
4832
4832
4832
4831
4831
4830
4829
4829
4828
4828
4828
4827
4825
4821
4821
4821
4821
4818
4817
4817
4817
4816
4815
4814
4814
4814
4814
4813
4811
4810
4810
4809
4808
4808
4806
4804
4804
4803
4803
4802
4798
4797
4797
4796
4794
4794
4793
4792
4789
4789
4789
4788
4787
4786
4785
4785
4784
4784
4783
4783
4778
4778
4776
4775
4775
4773
4773
4773
4771
4771
4770
4770
4770
4769
4767
4767
4766
4763
4763
4762
4762
4761
4761
4760
4758
4758
4756
4755
4754
4753
4753
4752
4752
4752
4751
4750
4749
4747
4743
4742
4742
4741
4738
4737
4735
4735
4734
4734
4734
4734
4733
4733
4733
4733
4731
4730
4729
4728
4727
4727
4727
4726
4725
4724
4723
4721
4721
4719
4718
4718
4717
4715
4714
4712
4711
4710
4708
4708
4707
4706
4705
4705
4704
4704
4702
4701
4699
4699
4697
4697
4696
4695
4693
4692
4692
4691
4689
4689
4689
4688
4687
4687
4687
4687
4683
4681
4679
4679
4679
4677
4676
4676
4672
4671
4669
4667
4666
4665
4664
4660
4659
4659
4659
4658
4658
4657
4657
4655
4654
4653
4653
4653
4650
4649
4649
4645
4644
4644
4644
4644
4642
4641
4640
4640
4640
4639
4637
4637
4634
4634
4634
4633
4632
4631
4631
4631
4629
4628
4627
4627
4626
4626
4625
4622
4621
4621
4620
4616
4611
4611
4609
4608
4607
4607
4607
4606
4606
4605
4605
4605
4603
4602
4601
4600
4599
4599
4599
4599
4599
4598
4597
4594
4592
4591
4589
4589
4589
4589
4588
4588
4588
4586
4586
4586
4586
4583
4583
4583
4583
4582
4581
4581
4580
4579
4579
4578
4578
4578
4577
4576
4575
4575
4574
4573
4573
4573
4571
4569
4569
4568
4568
4567
4566
4565
4563
4562
4561
4561
4559
4558
4558
4557
4557
4550
4550
4550
4548
4547
4546
4544
4543
4541
4540
4536
4536
4536
4535
4535
4534
4532
4528
4528
4527
4526
4525
4524
4524
4524
4524
4523
4523
4522
4522
4519
4515
4515
4513
4513
4512
4510
4510
4509
4509
4508
4507
4503
4503
4502
4502
4502
4501
4501
4500
4499
4499
4498
4498
4498
4497
4497
4496
4495
4495
4493
4492
4492
4491
4490
4490
4489
4488
4488
4486
4485
4482
4482
4481
4479
4477
4476
4475
4475
4474
4473
4472
4471
4471
4470
4469
4469
4466
4466
4466
4466
4463
4463
4463
4463
4463
4462
4461
4460
4457
4457
4456
4455
4455
4455
4454
4454
4453
4453
4451
4451
4451
4451
4450
4449
4449
4448
4447
4447
4445
4443
4443
4442
4442
4440
4440
4439
4439
4438
4437
4435
4434
4432
4431
4429
4428
4428
4428
4428
4427
4427
4426
4425
4424
4424
4422
4422
4422
4418
4414
4411
4411
4410
4410
4409
4408
4406
4406
4405
4404
4403
4403
4399
4398
4398
4397
4397
4393
4393
4391
4390
4388
4388
4387
4387
4387
4385
4384
4383
4383
4382
4381
4379
4376
4376
4375
4374
4374
4371
4369
4366
4362
4362
4361
4360
4359
4359
4358
4358
4358
4358
4357
4357
4357
4357
4356
4355
4355
4353
4353
4353
4351
4351
4350
4350
4349
4347
4347
4347
4346
4345
4345
4344
4343
4341
4341
4339
4338
4337
4336
4335
4335
4334
4334
4334
4333
4333
4333
4332
4331
4331
4331
4328
4327
4326
4325
4324
4323
4322
4322
4322
4320
4318
4317
4315
4315
4312
4311
4311
4311
4309
4308
4306
4305
4303
4303
4302
4302
4300
4300
4299
4298
4298
4298
4294
4292
4292
4290
4290
4287
4287
4285
4283
4283
4282
4280
4279
4275
4274
4270
4270
4268
4268
4266
4264
4264
4263
4263
4262
4259
4259
4258
4256
4255
4255
4255
4254
4254
4253
4252
4250
4249
4249
4249
4246
4245
4244
4242
4241
4241
4240
4239
4239
4238
4237
4235
4235
4233
4231
4229
4229
4228
4226
4226
4225
4224
4218
4215
4214
4214
4211
4209
4209
4208
4207
4207
4207
4205
4205
4205
4203
4201
4199
4199
4198
4197
4197
4195
4195
4195
4195
4193
4191
4191
4190
4190
4188
4188
4186
4185
4184
4183
4182
4181
4178
4178
4177
4174
4174
4174
4174
4172
4171
4171
4171
4163
4161
4161
4161
4161
4160
4159
4158
4158
4156
4156
4156
4154
4153
4153
4152
4152
4150
4149
4149
4147
4146
4143
4141
4141
4139
4139
4139
4138
4137
4136
4136
4136
4133
4132
4131
4128
4128
4128
4127
4126
4122
4121
4119
4117
4117
4117
4117
4116
4115
4114
4114
4113
4112
4111
4110
4110
4109
4107
4107
4106
4105
4105
4105
4104
4103
4103
4101
4101
4100
4100
4100
4098
4097
4096
4096
4095
4094
4094
4094
4092
4092
4090
4089
4089
4088
4087
4085
4084
4084
4082
4081
4081
4081
4081
4081
4079
4079
4079
4078
4078
4075
4074
4074
4073
4071
4071
4070
4070
4069
4067
4067
4067
4066
4066
4065
4065
4063
4063
4063
4062
4061
4060
4059
4056
4054
4053
4053
4053
4052
4049
4049
4048
4048
4046
4046
4046
4044
4044
4043
4043
4043
4043
4043
4042
4042
4041
4041
4040
4040
4040
4039
4039
4039
4039
4037
4035
4034
4033
4033
4033
4032
4031
4030
4029
4028
4023
4022
4022
4022
4021
4018
4018
4015
4014
4011
4009
4006
4006
4006
4005
4005
4004
4004
4003
4002
4002
4002
4001
4000
3999
3998
3995
3992
3991
3987
3986
3985
3984
3982
3980
3980
3979
3979
3979
3978
3978
3977
3975
3974
3974
3970
3970
3968
3967
3966
3966
3966
3965
3965
3965
3964
3963
3961
3961
3960
3958
3956
3956
3955
3954
3953
3953
3950
3950
3950
3950
3948
3947
3947
3945
3945
3944
3943
3941
3941
3940
3939
3939
3937
3931
3930
3930
3926
3925
3922
3920
3920
3918
3918
3917
3917
3917
3913
3912
3912
3911
3911
3911
3909
3908
3907
3906
3900
3899
3899
3899
3898
3896
3895
3893
3893
3891
3890
3890
3890
3887
3887
3886
3883
3883
3882
3882
3880
3880
3879
3879
3877
3877
3875
3875
3872
3872
3871
3870
3867
3867
3867
3866
3864
3863
3862
3861
3861
3860
3859
3859
3859
3858
3858
3858
3857
3857
3857
3855
3855
3854
3852
3851
3850
3850
3849
3848
3848
3847
3847
3844
3844
3842
3841
3839
3839
3837
3837
3835
3835
3832
3832
3830
3830
3829
3828
3827
3827
3825
3824
3824
3824
3821
3818
3818
3818
3816
3816
3816
3815
3814
3814
3812
3812
3809
3809
3808
3808
3807
3806
3805
3805
3804
3803
3802
3801
3800
3798
3798
3797
3797
3796
3796
3796
3794
3793
3793
3790
3789
3788
3787
3785
3785
3783
3783
3783
3783
3782
3781
3781
3780
3777
3777
3777
3776
3775
3773
3773
3771
3771
3771
3769
3762
3761
3760
3759
3757
3756
3755
3753
3752
3751
3751
3748
3748
3748
3747
3745
3745
3744
3744
3742
3740
3738
3738
3736
3736
3735
3735
3735
3733
3730
3729
3728
3727
3726
3724
3723
3723
3722
3721
3720
3718
3718
3718
3716
3714
3712
3711
3711
3710
3710
3709
3705
3704
3704
3703
3702
3701
3700
3700
3699
3697
3696
3695
3694
3693
3692
3692
3692
3691
3690
3689
3689
3686
3686
3685
3684
3681
3681
3679
3679
3678
3676
3673
3673
3672
3672
3669
3669
3666
3666
3665
3664
3664
3663
3657
3656
3655
3654
3653
3652
3651
3650
3649
3648
3645
3644
3642
3641
3640
3640
3639
3635
3635
3634
3633
3632
3632
3631
3630
3629
3627
3627
3626
3625
3625
3625
3624
3624
3623
3623
3621
3620
3620
3620
3619
3617
3617
3617
3616
3616
3614
3614
3613
3611
3610
3610
3609
3608
3608
3607
3606
3605
3604
3604
3603
3598
3598
3598
3597
3597
3597
3597
3596
3596
3595
3593
3588
3587
3583
3583
3582
3581
3580
3578
3577
3577
3576
3575
3575
3574
3573
3573
3573
3572
3571
3571
3570
3570
3570
3569
3567
3567
3565
3563
3563
3559
3558
3558
3556
3556
3554
3554
3549
3549
3548
3546
3545
3545
3544
3542
3542
3540
3539
3539
3538
3536
3535
3535
3535
3535
3535
3534
3533
3532
3530
3528
3526
3526
3524
3524
3523
3522
3520
3520
3519
3519
3517
3517
3516
3514
3514
3512
3511
3511
3507
3505
3504
3503
3503
3502
3502
3498
3497
3496
3496
3496
3492
3492
3492
3492
3490
3489
3489
3488
3487
3487
3486
3486
3485
3483
3483
3481
3479
3478
3475
3475
3475
3473
3473
3472
3471
3469
3469
3469
3469
3468
3468
3467
3467
3466
3466
3465
3465
3465
3464
3464
3464
3463
3463
3462
3461
3460
3460
3457
3456
3453
3452
3449
3449
3447
3446
3445
3445
3443
3442
3442
3442
3441
3441
3440
3440
3439
3438
3437
3437
3434
3430
3428
3428
3427
3427
3427
3426
3425
3421
3420
3420
3420
3419
3417
3417
3416
3416
3413
3410
3409
3409
3407
3404
3403
3403
3402
3400
3400
3398
3396
3395
3395
3395
3394
3393
3393
3392
3392
3387
3385
3385
3384
3380
3379
3378
3377
3377
3376
3376
3376
3375
3374
3371
3368
3366
3365
3365
3361
3361
3361
3360
3360
3359
3357
3357
3355
3354
3352
3350
3350
3347
3347
3346
3346
3346
3345
3344
3342
3342
3341
3341
3340
3336
3334
3332
3332
3331
3331
3330
3328
3328
3328
3327
3327
3326
3323
3323
3322
3322
3321
3320
3319
3317
3317
3315
3314
3314
3313
3313
3307
3306
3306
3304
3302
3302
3302
3299
3299
3299
3297
3294
3291
3288
3285
3285
3285
3284
3283
3282
3282
3281
3280
3277
3276
3276
3274
3272
3270
3269
3269
3266
3265
3264
3263
3263
3261
3255
3253
3253
3253
3253
3253
3252
3252
3251
3248
3248
3247
3246
3246
3245
3244
3241
3241
3241
3239
3239
3238
3238
3237
3236
3236
3236
3236
3236
3236
3234
3233
3232
3229
3229
3227
3226
3225
3224
3223
3223
3220
3220
3215
3214
3212
3212
3210
3209
3209
3209
3207
3207
3204
3204
3203
3203
3203
3202
3200
3198
3197
3195
3195
3194
3193
3190
3187
3187
3184
3184
3183
3183
3180
3180
3178
3178
3177
3177
3176
3175
3174
3173
3173
3172
3172
3167
3166
3166
3164
3163
3162
3162
3162
3160
3159
3158
3156
3154
3154
3153
3153
3151
3150
3147
3144
3142
3139
3137
3136
3135
3134
3133
3131
3130
3130
3130
3127
3126
3126
3123
3121
3121
3121
3120
3120
3118
3116
3115
3114
3114
3113
3112
3112
3111
3110
3109
3109
3108
3107
3106
3105
3104
3102
3102
3101
3100
3100
3099
3099
3099
3097
3097
3096
3095
3095
3093
3092
3092
3092
3090
3089
3088
3085
3085
3085
3085
3085
3084
3083
3082
3081
3081
3080
3077
3077
3076
3075
3075
3074
3073
3072
3071
3071
3070
3069
3068
3068
3068
3065
3064
3064
3063
3063
3061
3060
3060
3058
3057
3057
3055
3054
3053
3053
3052
3049
3047
3047
3046
3045
3044
3043
3040
3038
3037
3036
3034
3031
3031
3030
3029
3029
3028
3028
3027
3027
3027
3027
3027
3026
3026
3025
3025
3024
3023
3021
3021
3018
3018
3017
3016
3016
3016
3015
3015
3012
3010
3010
3008
3007
3006
3006
3001
3001
3001
3001
3000
2999
2998
2996
2995
2994
2994
2990
2988
2988
2988
2987
2987
2986
2985
2984
2984
2984
2984
2983
2982
2981
2981
2980
2980
2977
2976
2975
2973
2972
2971
2971
2969
2960
2960
2959
2959
2957
2957
2955
2953
2952
2949
2948
2948
2947
2947
2945
2945
2944
2942
2941
2936
2936
2934
2934
2934
2932
2931
2931
2931
2927
2926
2925
2924
2922
2922
2922
2920
2920
2920
2917
2915
2914
2913
2911
2910
2910
2909
2907
2907
2907
2907
2906
2904
2902
2900
2900
2899
2899
2898
2894
2894
2893
2892
2892
2887
2885
2885
2884
2884
2882
2882
2879
2877
2876
2874
2873
2871
2870
2870
2870
2870
2870
2869
2869
2868
2867
2867
2866
2866
2865
2861
2861
2861
2860
2860
2859
2855
2854
2853
2851
2851
2850
2850
2849
2848
2848
2847
2846
2845
2845
2844
2842
2842
2841
2841
2840
2840
2840
2839
2838
2837
2836
2835
2834
2832
2829
2828
2825
2824
2822
2822
2821
2821
2821
2821
2820
2813
2812
2811
2810
2809
2808
2807
2806
2806
2803
2803
2803
2801
2800
2798
2796
2796
2795
2794
2794
2793
2792
2790
2788
2787
2786
2786
2784
2783
2780
2778
2777
2775
2772
2770
2768
2766
2766
2764
2764
2764
2763
2763
2763
2762
2762
2761
2760
2757
2757
2755
2755
2755
2754
2753
2753
2751
2751
2750
2750
2748
2747
2746
2744
2742
2740
2740
2739
2738
2738
2736
2736
2734
2733
2733
2733
2732
2729
2729
2729
2728
2726
2722
2722
2721
2721
2719
2719
2716
2716
2712
2711
2711
2711
2710
2709
2707
2707
2705
2704
2702
2701
2697
2696
2695
2694
2694
2692
2691
2691
2691
2691
2690
2690
2688
2685
2684
2683
2683
2682
2681
2678
2678
2674
2673
2673
2673
2671
2669
2669
2667
2666
2664
2664
2664
2664
2664
2661
2659
2658
2657
2657
2657
2657
2654
2650
2650
2649
2649
2649
2649
2648
2648
2644
2644
2643
2642
2640
2640
2640
2639
2637
2637
2636
2636
2636
2635
2633
2631
2630
2630
2630
2630
2629
2629
2629
2625
2625
2624
2624
2624
2623
2618
2617
2617
2615
2615
2613
2613
2609
2608
2608
2608
2608
2608
2607
2606
2606
2605
2605
2604
2604
2603
2603
2602
2602
2600
2599
2599
2597
2597
2596
2596
2594
2594
2593
2592
2591
2591
2588
2584
2583
2583
2582
2581
2580
2578
2578
2577
2576
2575
2573
2573
2572
2572
2571
2571
2571
2569
2569
2568
2564
2561
2559
2559
2555
2554
2554
2551
2550
2547
2545
2543
2543
2543
2542
2542
2538
2536
2535
2535
2532
2531
2530
2530
2530
2528
2528
2525
2524
2524
2521
2519
2517
2517
2516
2515
2513
2512
2512
2511
2509
2507
2505
2504
2503
2502
2501
2501
2500
2499
2496
2496
2493
2492
2492
2492
2490
2488
2487
2487
2486
2484
2484
2483
2483
2482
2481
2479
2479
2477
2477
2476
2476
2471
2470
2465
2465
2463
2461
2460
2460
2460
2459
2458
2455
2452
2450
2448
2447
2446
2444
2444
2444
2443
2441
2440
2440
2439
2437
2436
2436
2436
2435
2435
2434
2434
2433
2431
2431
2431
2429
2429
2428
2428
2427
2426
2425
2424
2423
2420
2420
2420
2420
2420
2420
2419
2418
2418
2418
2418
2417
2417
2417
2417
2416
2416
2415
2413
2413
2412
2412
2411
2409
2408
2407
2407
2405
2405
2405
2404
2404
2404
2402
2402
2402
2400
2399
2399
2398
2398
2396
2395
2395
2395
2394
2394
2393
2392
2388
2388
2387
2387
2385
2385
2384
2384
2383
2383
2381
2381
2380
2380
2378
2377
2377
2373
2373
2372
2372
2372
2372
2371
2371
2368
2368
2368
2367
2364
2364
2364
2364
2363
2362
2361
2360
2360
2359
2359
2359
2358
2358
2354
2352
2352
2351
2350
2349
2347
2344
2343
2340
2340
2340
2339
2338
2335
2335
2335
2333
2333
2332
2330
2329
2329
2327
2327
2326
2326
2325
2325
2324
2321
2320
2318
2318
2318
2318
2314
2312
2311
2311
2311
2310
2309
2308
2308
2305
2304
2304
2304
2303
2302
2302
2300
2297
2296
2293
2291
2289
2288
2285
2284
2282
2281
2279
2277
2277
2273
2272
2272
2270
2269
2268
2267
2266
2265
2265
2264
2264
2263
2262
2261
2261
2260
2259
2259
2256
2256
2256
2251
2251
2249
2247
2247
2247
2246
2245
2245
2243
2239
2239
2238
2237
2237
2236
2234
2234
2233
2233
2232
2230
2228
2228
2227
2227
2227
2226
2226
2225
2223
2220
2219
2214
2214
2212
2211
2211
2210
2210
2210
2210
2209
2209
2206
2205
2204
2204
2202
2202
2201
2201
2200
2199
2198
2198
2197
2197
2197
2195
2194
2194
2194
2193
2191
2190
2190
2189
2188
2186
2186
2185
2185
2185
2183
2181
2181
2179
2179
2177
2177
2176
2176
2175
2173
2172
2171
2167
2166
2165
2165
2164
2162
2161
2161
2159
2159
2159
2158
2156
2156
2156
2155
2155
2154
2153
2151
2150
2149
2148
2148
2148
2148
2147
2145
2143
2143
2142
2142
2141
2140
2138
2137
2136
2135
2134
2133
2127
2125
2125
2125
2121
2120
2119
2118
2116
2114
2112
2111
2110
2108
2104
2103
2102
2098
2097
2097
2097
2097
2095
2095
2091
2088
2088
2088
2087
2086
2085
2085
2084
2083
2082
2081
2081
2081
2081
2080
2079
2078
2078
2075
2074
2071
2071
2071
2071
2071
2068
2068
2066
2065
2065
2064
2064
2063
2062
2061
2061
2061
2061
2060
2060
2055
2053
2050
2048
2048
2047
2046
2040
2038
2038
2037
2037
2037
2036
2035
2034
2032
2029
2028
2028
2028
2027
2027
2026
2025
2024
2023
2022
2022
2021
2021
2020
2019
2019
2019
2019
2018
2018
2018
2018
2017
2017
2015
2014
2014
2014
2013
2012
2011
2011
2011
2010
2010
2010
2008
2007
2006
2004
2004
2004
2003
2003
2002
2002
2001
2001
2000
1998
1997
1997
1997
1996
1996
1996
1995
1995
1994
1992
1991
1989
1989
1989
1987
1987
1987
1986
1986
1985
1984
1984
1984
1982
1981
1980
1980
1978
1977
1977
1977
1974
1974
1971
1969
1969
1969
1968
1968
1967
1967
1967
1965
1964
1964
1962
1960
1960
1959
1959
1958
1958
1958
1957
1957
1955
1955
1953
1952
1952
1952
1951
1947
1946
1945
1945
1945
1944
1942
1941
1940
1939
1939
1937
1937
1937
1936
1935
1932
1932
1932
1931
1931
1931
1930
1929
1928
1927
1927
1926
1924
1922
1921
1920
1919
1918
1918
1917
1916
1915
1915
1914
1912
1910
1909
1907
1907
1906
1905
1901
1901
1898
1897
1897
1896
1895
1895
1895
1895
1893
1893
1891
1891
1888
1888
1888
1885
1884
1884
1882
1882
1880
1877
1875
1874
1874
1871
1871
1871
1870
1870
1870
1869
1869
1868
1868
1867
1864
1863
1863
1862
1861
1860
1858
1855
1854
1853
1852
1851
1851
1850
1849
1844
1842
1841
1840
1840
1840
1837
1837
1836
1836
1834
1834
1833
1832
1831
1830
1829
1827
1827
1826
1826
1825
1824
1823
1823
1822
1819
1819
1818
1818
1817
1817
1817
1813
1813
1812
1811
1811
1807
1806
1806
1802
1802
1800
1799
1795
1795
1795
1793
1792
1790
1790
1787
1786
1786
1784
1784
1782
1782
1782
1782
1781
1777
1775
1773
1771
1771
1769
1767
1767
1765
1764
1763
1761
1760
1760
1760
1758
1757
1756
1756
1756
1755
1755
1754
1753
1753
1752
1750
1750
1748
1748
1747
1746
1743
1743
1742
1741
1740
1740
1740
1739
1739
1738
1737
1735
1734
1734
1732
1730
1728
1728
1727
1726
1724
1722
1721
1720
1720
1719
1719
1716
1715
1713
1712
1712
1711
1710
1709
1709
1709
1707
1706
1706
1706
1705
1704
1704
1703
1703
1702
1701
1700
1700
1698
1697
1690
1690
1690
1689
1688
1685
1685
1684
1682
1681
1680
1680
1679
1677
1677
1672
1672
1671
1671
1671
1670
1669
1669
1667
1667
1666
1665
1664
1663
1657
1656
1655
1655
1654
1653
1653
1653
1653
1652
1651
1650
1650
1648
1648
1648
1648
1647
1646
1645
1644
1643
1640
1640
1640
1637
1636
1636
1636
1633
1632
1632
1631
1631
1630
1629
1629
1627
1626
1625
1625
1624
1624
1623
1621
1619
1618
1617
1617
1614
1612
1612
1610
1609
1609
1608
1608
1607
1607
1606
1605
1604
1603
1602
1602
1600
1600
1600
1599
1598
1598
1597
1596
1596
1596
1594
1593
1592
1592
1591
1590
1590
1590
1589
1589
1586
1586
1586
1584
1583
1583
1582
1581
1581
1579
1578
1578
1577
1577
1577
1575
1575
1573
1573
1572
1568
1568
1567
1566
1565
1564
1563
1562
1562
1562
1561
1561
1561
1560
1560
1560
1558
1558
1556
1556
1555
1552
1549
1547
1545
1545
1545
1545
1545
1544
1544
1542
1542
1542
1542
1542
1540
1539
1539
1538
1536
1535
1532
1532
1531
1531
1528
1527
1523
1522
1522
1520
1519
1519
1516
1516
1514
1513
1511
1508
1507
1506
1506
1506
1505
1504
1504
1502
1501
1501
1497
1496
1496
1494
1493
1489
1489
1489
1489
1488
1487
1486
1485
1485
1485
1482
1482
1482
1482
1481
1479
1478
1478
1478
1476
1475
1474
1471
1470
1470
1469
1468
1468
1467
1466
1461
1459
1459
1457
1457
1456
1455
1455
1453
1450
1447
1443
1441
1441
1437
1436
1435
1434
1433
1433
1433
1432
1430
1430
1428
1426
1426
1425
1425
1425
1425
1424
1423
1423
1421
1418
1417
1416
1416
1415
1413
1413
1410
1408
1408
1407
1407
1404
1404
1403
1402
1402
1398
1398
1397
1397
1397
1396
1395
1394
1394
1394
1392
1390
1386
1386
1383
1382
1382
1381
1380
1380
1378
1377
1377
1377
1377
1374
1374
1373
1373
1373
1371
1371
1370
1370
1370
1369
1369
1366
1366
1366
1366
1365
1365
1365
1363
1363
1363
1363
1362
1362
1360
1360
1359
1359
1355
1353
1352
1352
1351
1351
1349
1349
1348
1348
1347
1346
1345
1345
1343
1341
1341
1341
1341
1339
1337
1335
1334
1332
1332
1331
1330
1330
1328
1328
1328
1327
1324
1322
1321
1319
1318
1318
1317
1316
1316
1316
1316
1315
1315
1314
1310
1310
1310
1309
1309
1308
1308
1307
1307
1305
1304
1304
1300
1300
1300
1299
1298
1298
1297
1297
1297
1297
1296
1294
1293
1290
1290
1289
1289
1288
1288
1286
1285
1284
1284
1284
1281
1280
1279
1275
1273
1271
1270
1270
1269
1268
1268
1266
1265
1264
1263
1263
1261
1261
1258
1258
1258
1258
1253
1253
1252
1248
1248
1246
1246
1245
1244
1242
1242
1242
1241
1240
1238
1238
1237
1237
1237
1235
1234
1234
1233
1233
1231
1230
1229
1228
1227
1225
1225
1225
1224
1223
1222
1221
1219
1218
1216
1215
1213
1209
1209
1209
1209
1209
1208
1205
1203
1200
1199
1198
1197
1196
1195
1195
1193
1193
1191
1190
1189
1188
1187
1187
1183
1183
1182
1182
1181
1181
1180
1180
1179
1179
1178
1177
1176
1176
1174
1173
1172
1172
1171
1170
1169
1168
1167
1167
1167
1163
1160
1158
1158
1155
1155
1154
1154
1154
1152
1150
1149
1149
1149
1148
1147
1147
1147
1147
1146
1146
1143
1142
1141
1140
1139
1138
1137
1136
1135
1135
1132
1131
1130
1130
1125
1124
1124
1124
1123
1121
1120
1120
1120
1119
1118
1117
1116
1116
1115
1113
1112
1111
1110
1110
1110
1109
1109
1109
1108
1108
1107
1107
1105
1104
1103
1103
1103
1102
1102
1101
1098
1098
1098
1096
1096
1096
1095
1095
1094
1092
1090
1089
1088
1086
1085
1084
1084
1083
1079
1077
1076
1076
1075
1074
1073
1072
1071
1069
1069
1069
1069
1068
1068
1066
1066
1063
1063
1062
1061
1059
1059
1058
1058
1057
1056
1056
1053
1052
1051
1051
1050
1050
1048
1048
1048
1047
1047
1047
1044
1041
1041
1032
1030
1030
1029
1028
1028
1027
1027
1026
1026
1024
1024
1024
1023
1021
1018
1017
1017
1017
1016
1015
1013
1013
1012
1012
1011
1011
1011
1010
1010
1009
1009
1008
1008
1007
1007
1006
1006
1006
1004
1004
1001
1001
995
993
993
991
991
987
986
985
983
983
982
981
981
979
977
977
976
975
972
972
971
968
968
968
967
967
966
963
962
958
956
955
954
953
951
950
950
950
949
948
948
946
946
945
944
944
942
941
939
937
937
937
936
935
934
934
931
931
931
929
928
927
927
927
924
924
924
923
923
922
921
920
920
919
919
917
917
917
917
917
916
916
913
912
912
911
909
906
905
905
905
903
903
901
899
898
897
897
897
897
896
896
895
893
890
888
885
883
882
880
879
878
878
876
876
870
869
868
867
866
865
865
864
864
863
863
863
861
861
859
858
858
858
858
858
857
855
855
854
851
851
851
848
848
847
846
844
843
843
842
842
841
841
839
838
834
834
834
832
831
830
829
827
826
826
825
824
824
822
822
821
821
819
819
818
818
816
814
813
813
812
811
811
810
807
806
805
805
804
803
803
800
798
798
797
797
797
796
796
795
794
794
793
792
788
786
786
785
785
785
783
782
780
778
776
774
772
771
767
766
764
764
762
762
760
760
758
757
755
755
754
752
752
749
749
749
748
747
747
745
744
742
741
741
740
739
739
737
737
736
735
734
733
733
732
732
732
730
730
730
729
729
729
728
728
727
727
725
724
723
723
721
720
718
718
717
716
715
715
714
714
708
708
708
707
705
705
705
703
701
701
700
697
696
694
694
693
692
691
691
689
688
687
686
686
686
685
685
684
684
683
683
680
679
679
679
678
677
675
673
672
671
670
670
669
669
668
668
668
666
666
665
664
662
661
661
661
660
660
660
659
654
654
654
653
653
652
652
651
650
649
647
647
645
644
642
642
641
640
640
640
639
638
637
636
636
635
635
634
633
633
631
630
629
629
629
629
629
629
627
625
624
624
622
621
621
620
619
619
618
616
614
614
612
611
609
607
607
606
605
605
605
604
603
603
603
603
603
602
602
602
602
600
600
597
596
594
594
592
592
590
590
588
588
588
587
587
587
586
584
584
584
582
579
576
576
575
574
574
573
572
569
568
567
567
567
567
567
566
564
564
563
561
560
559
559
559
558
558
554
551
551
549
548
544
541
539
539
538
536
535
534
534
533
531
530
530
528
528
528
526
524
523
523
523
522
522
518
516
512
512
511
510
509
508
507
507
505
505
504
501
501
501
497
496
496
495
495
494
494
493
492
490
489
488
487
487
487
486
485
484
484
482
482
480
479
478
474
474
474
473
473
472
472
471
471
470
469
468
466
463
462
461
461
460
460
456
455
454
454
452
452
450
450
449
449
449
448
447
444
443
442
442
442
441
441
440
437
434
434
433
433
429
427
427
426
425
424
423
423
419
418
417
416
416
412
411
409
408
408
407
407
405
403
403
401
400
399
398
398
397
397
397
395
393
393
393
392
391
390
390
389
388
386
385
381
379
377
376
375
372
372
370
368
367
366
365
365
364
362
359
358
357
357
355
355
355
354
354
353
352
352
351
351
351
351
349
348
348
347
346
345
343
340
339
339
339
338
338
335
335
333
333
333
332
330
330
328
327
327
326
325
325
323
323
322
321
321
320
319
319
319
316
316
315
314
313
311
310
310
310
308
307
307
305
305
304
301
301
301
301
301
300
299
299
298
297
295
295
295
294
294
293
293
292
292
292
290
290
289
286
284
282
282
280
280
277
277
277
277
276
273
272
270
269
268
268
267
266
265
262
261
261
261
260
260
260
259
258
257
256
254
253
253
252
251
251
250
245
244
243
241
240
239
239
238
235
234
233
233
229
229
228
228
227
227
226
226
225
223
223
222
221
221
217
217
215
215
213
211
211
206
206
205
204
203
200
199
196
191
191
189
189
188
187
186
185
184
182
182
181
178
178
174
171
171
169
168
165
163
163
161
159
159
158
158
157
156
155
154
153
153
152
151
149
148
148
147
142
142
142
140
140
140
140
138
137
136
136
135
135
135
134
134
133
133
131
131
130
130
130
129
127
126
125
122
122
121
120
118
118
117
117
114
113
113
113
112
111
109
108
105
105
104
103
102
102
102
100
100
99
99
98
98
96
96
96
95
95
93
93
91
91
91
90
85
82
82
81
80
80
78
77
76
76
74
74
73
71
69
68
68
67
67
66
65
65
64
64
64
63
61
61
61
60
59
58
57
57
55
54
53
51
51
50
50
46
45
44
44
43
42
41
41
40
39
39
39
35
35
33
33
29
28
27
27
24
23
21
21
19
19
19
17
14
11
11
11
10
9
9
9
8
7
7
7
7
6
3
3
2
0
